* S              NAME             BETX           BETY           ALFX           ALFY           DX             DPX           
$ %e             %16s             %e             %e             %e             %e             %e             %e            
@ XIY              %e   -107.862    
@ XIX              %e    15.3945    
@ QY               %e    3.69559    
@ QX               %e    3.19320    
@ CIRCUM           %le     7.87595896083    
@ DELTA            %e    0.00000    
@ TYPE             %08s "OPTICS"
@ COMMENT          %32s "merge - Created With MADInput"
@ ORIGIN           %28s "MAD 8.23dl  Windows NT 4.0"
@ DATE             %08s "13/04/18"
@ TIME             %08s "14.55.37"
     0.00000     "LAT"               10.4329        13.1042        13.1447        1.84700       0.406694E-01   0.526485    
     0.00000     "S1_MAR_BEG"        10.4329        13.1042        13.1447        1.84700       0.406694E-01   0.526485    
    0.590633E-01 "S1_PIP02_1"        8.93827        12.8872        12.1609        1.82712       0.717654E-01   0.526485    
    0.118127     "S1_PIP02_1"        7.55985        12.6725        11.1770        1.80723       0.102861       0.526485    
    0.177190     "S1_PIP02_1"        6.29766        12.4602        10.1932        1.78735       0.133957       0.526485    
    0.236253     "S1_PIP02_1"        5.15168        12.2503        9.20938        1.76747       0.165053       0.526485    
    0.295317     "S1_PIP02_1"        4.12191        12.0427        8.22555        1.74758       0.196149       0.526485    
    0.452417     "S1_PIP02_MS1017    1.94855        11.5019        5.60870        1.69470       0.278860       0.526485    
    0.459307     "S1_PIP02_2"        1.87206        11.4785        5.49393        1.69238       0.282488       0.526485    
    0.466197     "S1_PIP02_2"        1.79714        11.4552        5.37916        1.69006       0.286115       0.526485    
    0.473087     "S1_PIP02_2"        1.72381        11.4320        5.26439        1.68774       0.289742       0.526485    
    0.479977     "S1_PIP02_2"        1.65205        11.4087        5.14962        1.68542       0.293370       0.526485    
    0.486867     "S1_PIP02_2"        1.58188        11.3855        5.03485        1.68310       0.296997       0.526485    
    0.580867     "S1_PIP02_MS1018   0.782513        11.0721        3.46908        1.65146       0.346487       0.526485    
    0.584467     "S1_PIP02_3"       0.757751        11.0602        3.40911        1.65024       0.348382       0.526485    
    0.588067     "S1_PIP02_3"       0.733421        11.0483        3.34914        1.64903       0.350278       0.526485    
    0.591667     "S1_PIP02_3"       0.709523        11.0364        3.28918        1.64782       0.352173       0.526485    
    0.595267     "S1_PIP02_3"       0.686057        11.0246        3.22921        1.64661       0.354068       0.526485    
    0.598867     "S1_PIP02_3"       0.663023        11.0127        3.16925        1.64540       0.355964       0.526485    
    0.598867     "COLLIMATOR_N46"   0.663023        11.0127        3.16925        1.64540       0.355964       0.526485    
    0.638867     "S1_PIP02_MS1019   0.434613        10.9148        2.53523       0.806181       0.376474       0.498744    
    0.678867     "S1_PIP02_MS1019   0.258205        10.8835        1.87053      -0.232575E-01   0.395843       0.469492    
    0.718867     "S1_PIP02_MS1019   0.135933        10.9185        1.18318      -0.852978       0.414014       0.438818    
    0.758867     "S1_PIP02_MS1019   0.692778E-01    11.0202       0.481512       -1.69304       0.430931       0.406815    
    0.798867     "S1_PIP02_MS1019   0.590464E-01    11.1899      -0.225985       -2.55365       0.446543       0.373580    
    0.798867     "COLLIMATOR_N46"   0.590464E-01    11.1899      -0.225985       -2.55365       0.446543       0.373580    
    0.833158     "S1_PIP02_4"       0.954770E-01    11.3658      -0.836398       -2.57669       0.459353       0.373580    
    0.867449     "S1_PIP02_4"       0.173771        11.5434       -1.44681       -2.59974       0.472164       0.373580    
    0.901741     "S1_PIP02_4"       0.293930        11.7224       -2.05722       -2.62279       0.484974       0.373580    
    0.936032     "S1_PIP02_4"       0.455951        11.9031       -2.66763       -2.64584       0.497785       0.373580    
    0.970324     "S1_PIP02_4"       0.659837        12.0854       -3.27805       -2.66889       0.510596       0.373580    
    0.970324     "IS1SCR01"         0.659837        12.0854       -3.27805       -2.66889       0.510596       0.373580    
    0.989055     "S1_PIP02_5"       0.788885        12.1856       -3.61147       -2.68148       0.517593       0.373580    
     1.00779     "S1_PIP02_5"       0.930423        12.2863       -3.94490       -2.69407       0.524591       0.373580    
     1.02652     "S1_PIP02_5"        1.08445        12.3874       -4.27832       -2.70666       0.531588       0.373580    
     1.04525     "S1_PIP02_5"        1.25097        12.4891       -4.61175       -2.71925       0.538586       0.373580    
     1.06398     "S1_PIP02_5"        1.42998        12.5912       -4.94517       -2.73184       0.545583       0.373580    
     1.06398     "IS1BPM01"          1.42998        12.5912       -4.94517       -2.73184       0.545583       0.373580    
     1.07096     "S1_PIP02_6"        1.49986        12.6293       -5.06938       -2.73653       0.548190       0.373580    
     1.07793     "S1_PIP02_6"        1.57147        12.6675       -5.19359       -2.74122       0.550797       0.373580    
     1.08491     "S1_PIP02_6"        1.64482        12.7058       -5.31779       -2.74591       0.553403       0.373580    
     1.09189     "S1_PIP02_6"        1.71989        12.7442       -5.44200       -2.75060       0.556010       0.373580    
     1.09887     "S1_PIP02_6"        1.79670        12.7826       -5.56621       -2.75529       0.558617       0.373580    
     1.14299     "MS1DIP021"         2.35481        12.7716       -6.66165       0.122356       0.578154       0.385819    
     1.18711     "MS1DIP022"         2.96929        12.7610       -7.24714       0.118850       0.592640       0.270627    
     1.23123     "MS1DIP022"         3.63046        12.7507       -7.71841       0.115344       0.602019       0.154368    
     1.27535     "MS1DIP022"         4.32789        12.7406       -8.06804       0.111837       0.606253       0.374995E-01
     1.31947     "MS1DIP023"         5.05060        12.7309       -9.42891        2.97783       0.605325       0.569213E-01
     1.31947     "COLLIMATOR_N47"    5.05060        12.7309       -9.42891        2.97783       0.605325       0.569213E-01
     1.36947     "S1_PIP03_1"        6.03799        12.4351       -10.3189        2.93908       0.608172       0.569213E-01
     1.41947     "S1_PIP03_1"        7.11439        12.1431       -11.2090        2.90033       0.611018       0.569213E-01
     1.46947     "S1_PIP03_1"        8.27979        11.8550       -12.0990        2.86157       0.613864       0.569213E-01
     1.51947     "S1_PIP03_1"        9.53419        11.5708       -12.9891        2.82282       0.616710       0.569213E-01
     1.56947     "S1_PIP03_1"        10.8776        11.2905       -13.8791        2.78406       0.619556       0.569213E-01
     1.56947     "COLLIMATOR_N47"    10.8776        11.2905       -13.8791        2.78406       0.619556       0.569213E-01
     1.56947     "COLLIMATOR_N48"    10.8776        11.2905       -13.8791        2.78406       0.619556       0.569213E-01
     1.60947     "S1_PIP03_MS1020    12.2208        10.8754       -19.8951        7.53201       0.627261       0.328881    
     1.64947     "S1_PIP03_MS1020    14.0980        10.0993       -27.3100        11.7565       0.645943       0.606596    
     1.68947     "S1_PIP03_MS1020    16.6414        9.01619       -36.6450        15.1640       0.675930       0.894927    
     1.72947     "S1_PIP03_MS1020    20.0298        7.70125       -48.5565        17.5177       0.717746        1.19892    
     1.76947     "S1_PIP03_MS1020    24.5013        6.24590       -63.8819        18.6540       0.772123        1.52389    
     1.76947     "COLLIMATOR_N48"    24.5013        6.24590       -63.8819        18.6540       0.772123        1.52389    
     1.76947     "COLLIMATOR_N49"    24.5013        6.24590       -63.8819        18.6540       0.772123        1.52389    
     1.77007     "S1_PIP03_2"        24.5780        6.22354       -63.9819        18.6204       0.773037        1.52389    
     1.77067     "S1_PIP03_2"        24.6549        6.20121       -64.0818        18.5869       0.773952        1.52389    
     1.77127     "S1_PIP03_2"        24.7318        6.17893       -64.1818        18.5534       0.774866        1.52389    
     1.77187     "S1_PIP03_2"        24.8089        6.15668       -64.2818        18.5199       0.775780        1.52389    
     1.77247     "S1_PIP03_2"        24.8861        6.13448       -64.3817        18.4864       0.776695        1.52389    
     1.77247     "COLLIMATOR_N49"    24.8861        6.13448       -64.3817        18.4864       0.776695        1.52389    
     1.86647     "S1_PIP03_MS1021    38.4619        3.15273       -80.0421        13.2344       0.919941        1.52389    
     1.86647     "COLLIMATOR_N50"    38.4619        3.15273       -80.0421        13.2344       0.919941        1.52389    
     1.88273     "S1_PIP03_3"        41.1080        2.73726       -82.7500        12.3262       0.944710        1.52389    
     1.89898     "S1_PIP03_3"        43.8421        2.35132       -85.4579        11.4181       0.969480        1.52389    
     1.91523     "S1_PIP03_3"        46.6642        1.99490       -88.1659        10.5099       0.994250        1.52389    
     1.93149     "S1_PIP03_3"        49.5743        1.66800       -90.8738        9.60178        1.01902        1.52389    
     1.94774     "S1_PIP03_3"        52.5725        1.37062       -93.5817        8.69362        1.04379        1.52389    
     1.94774     "COLLIMATOR_N50"    52.5725        1.37062       -93.5817        8.69362        1.04379        1.52389    
     1.94774     "IS1BPM02"          52.5725        1.37062       -93.5817        8.69362        1.04379        1.52389    
     1.94774     "COLLIMATOR_N51"    52.5725        1.37062       -93.5817        8.69362        1.04379        1.52389    
     1.95472     "S1_PIP03_4"        53.8868        1.25200       -94.7444        8.30371        1.05442        1.52389    
     1.96170     "S1_PIP03_4"        55.2172        1.13882       -95.9070        7.91381        1.06506        1.52389    
     1.96868     "S1_PIP03_4"        56.5640        1.03109       -97.0696        7.52390        1.07569        1.52389    
     1.97566     "S1_PIP03_4"        57.9269       0.928799       -98.2323        7.13399        1.08633        1.52389    
     1.98264     "S1_PIP03_4"        59.3061       0.831949       -99.3949        6.74408        1.09696        1.52389    
     1.98264     "COLLIMATOR_N51"    59.3061       0.831949       -99.3949        6.74408        1.09696        1.52389    
     2.02692     "MS1DIP031"         71.5643       0.312537       -135.591        4.41351        1.19351        2.07907    
     2.07121     "MS1DIP032"         83.1353       0.501376E-01   -124.660        1.51172        1.28074        1.85642    
     2.11549     "MS1DIP032"         93.4724       0.447510E-01   -107.837       -1.39008        1.35761        1.61178    
     2.15978     "MS1DIP032"         102.087       0.296377       -85.9191       -4.29188        1.42322        1.34804    
     2.20406     "MS1DIP033"         108.572       0.805016       -134.488       -6.64094        1.47677        2.08230    
     2.20406     "COLLIMATOR_N52"    108.572       0.805016       -134.488       -6.64094        1.47677        2.08230    
     2.21406     "S1_PIP04_1"        111.278       0.943438       -136.154       -7.20120        1.49760        2.08230    
     2.22406     "S1_PIP04_1"        114.018        1.09306       -137.820       -7.76146        1.51842        2.08230    
     2.23406     "S1_PIP04_1"        116.791        1.25390       -139.486       -8.32172        1.53924        2.08230    
     2.24406     "S1_PIP04_1"        119.598        1.42593       -141.152       -8.88199        1.56007        2.08230    
     2.25406     "S1_PIP04_1"        122.437        1.60918       -142.818       -9.44225        1.58089        2.08230    
     2.25406     "COLLIMATOR_N52"    122.437        1.60918       -142.818       -9.44225        1.58089        2.08230    
     2.25406     "COLLIMATOR_N53"    122.437        1.60918       -142.818       -9.44225        1.58089        2.08230    
     2.29406     "S1_PIP04_MS1022    131.854        2.49207       -91.2234       -12.7593        1.65006        1.37118    
     2.33406     "S1_PIP04_MS1022    136.863        3.67467       -33.2508       -16.9789        1.69026       0.635993    
     2.37406     "S1_PIP04_MS1022    137.112        5.24064        27.0465       -22.3996        1.70079      -0.110360    
     2.41406     "S1_PIP04_MS1022    132.586        7.30075        85.4529       -29.4048        1.68146      -0.854776    
     2.45406     "S1_PIP04_MS1022    123.600        10.0007        137.885       -38.4901        1.63261       -1.58418    
     2.45406     "COLLIMATOR_N53"    123.600        10.0007        137.885       -38.4901        1.63261       -1.58418    
     2.45406     "COLLIMATOR_N54"    123.600        10.0007        137.885       -38.4901        1.63261       -1.58418    
     2.48521     "S1_PIP04_2"        115.160        12.5420        133.094       -43.1068        1.58327       -1.58418    
     2.51635     "S1_PIP04_2"        107.019        15.3708        128.303       -47.7235        1.53393       -1.58418    
     2.54749     "S1_PIP04_2"        99.1768        18.4872        123.512       -52.3402        1.48460       -1.58418    
     2.57864     "S1_PIP04_2"        91.6327        21.8911        118.721       -56.9570        1.43526       -1.58418    
     2.60978     "S1_PIP04_2"        84.3870        25.5826        113.931       -61.5737        1.38592       -1.58418    
     2.60978     "COLLIMATOR_N54"    84.3870        25.5826        113.931       -61.5737        1.38592       -1.58418    
     2.60978     "COLLIMATOR_N55"    84.3870        25.5826        113.931       -61.5737        1.38592       -1.58418    
     2.64978     "S1_SLI01"          75.5187        30.7457        107.777       -67.5032        1.32255       -1.58418    
     2.68978     "S1_SLI01"          67.1426        36.3831        101.624       -73.4327        1.25919       -1.58418    
     2.72978     "S1_SLI01"          59.2588        42.4949        95.4711       -79.3622        1.19582       -1.58418    
     2.76978     "S1_SLI01"          51.8673        49.0811        89.3179       -85.2917        1.13245       -1.58418    
     2.80978     "S1_SLI01"          44.9679        56.1416        83.1648       -91.2213        1.06908       -1.58418    
     2.80978     "COLLIMATOR_N55"    44.9679        56.1416        83.1648       -91.2213        1.06908       -1.58418    
     2.80978     "COLLIMATOR_N56"    44.9679        56.1416        83.1648       -91.2213        1.06908       -1.58418    
     2.84227     "S1_PIP05_1"        39.7266        62.2252        78.1672       -96.0372        1.01762       -1.58418    
     2.87476     "S1_PIP05_1"        34.8100        68.6217        73.1696       -100.853       0.966150       -1.58418    
     2.90724     "S1_PIP05_1"        30.2181        75.3312        68.1721       -105.669       0.914683       -1.58418    
     2.93973     "S1_PIP05_1"        25.9510        82.3535        63.1745       -110.485       0.863216       -1.58418    
     2.97222     "S1_PIP05_1"        22.0086        89.6888        58.1769       -115.301       0.811750       -1.58418    
     2.97222     "COLLIMATOR_N56"    22.0086        89.6888        58.1769       -115.301       0.811750       -1.58418    
     2.97222     "COLLIMATOR_N57"    22.0086        89.6888        58.1769       -115.301       0.811750       -1.58418    
     3.01222     "S1_PIP05_MS1023    17.9882        97.2185        43.0102       -71.6674       0.756409       -1.18750    
     3.05222     "S1_PIP05_MS1023    15.0335        101.001        31.3545       -22.2620       0.716428      -0.814935    
     3.09222     "S1_PIP05_MS1023    12.9034        100.732        22.2583        28.9364       0.690994      -0.458914    
     3.13222     "S1_PIP05_MS1023    11.4239        96.4338        14.9792        77.8042       0.679591      -0.112211    
     3.17222     "S1_PIP05_MS1023    10.4742        88.4513        8.92284        120.406       0.681987       0.232213    
     3.17222     "COLLIMATOR_N57"    10.4742        88.4513        8.92284        120.406       0.681987       0.232213    
     3.17222     "COLLIMATOR_N58"    10.4742        88.4513        8.92284        120.406       0.681987       0.232213    
     3.17324     "S1_PIP05_2"        10.4560        88.2053        8.91497        120.238       0.682224       0.232213    
     3.17426     "S1_PIP05_2"        10.4378        87.9596        8.90710        120.071       0.682462       0.232213    
     3.17529     "S1_PIP05_2"        10.4196        87.7143        8.89923        119.903       0.682699       0.232213    
     3.17631     "S1_PIP05_2"        10.4014        87.4693        8.89136        119.736       0.682937       0.232213    
     3.17733     "S1_PIP05_2"        10.3832        87.2246        8.88349        119.568       0.683174       0.232213    
     3.17733     "COLLIMATOR_N58"    10.3832        87.2246        8.88349        119.568       0.683174       0.232213    
     3.17733     "IS1BPM03"          10.3832        87.2246        8.88349        119.568       0.683174       0.232213    
     3.17733     "COLLIMATOR_N59"    10.3832        87.2246        8.88349        119.568       0.683174       0.232213    
     3.18431     "S1_PIP05_3"        10.2596        85.5640        8.82979        118.424       0.684794       0.232213    
     3.19129     "S1_PIP05_3"        10.1368        83.9193        8.77608        117.281       0.686415       0.232213    
     3.19826     "S1_PIP05_3"        10.0147        82.2906        8.72238        116.137       0.688035       0.232213    
     3.20524     "S1_PIP05_3"        9.89331        80.6779        8.66868        114.993       0.689655       0.232213    
     3.21222     "S1_PIP05_3"        9.77271        79.0811        8.61497        113.849       0.691275       0.232213    
     3.21222     "COLLIMATOR_N59"    9.77271        79.0811        8.61497        113.849       0.691275       0.232213    
     3.25646     "MS1DIP041"         9.28016        66.8707        6.19112        132.208       0.709020       0.307907    
     3.30071     "MS1DIP042"         8.68186        55.6837        7.30198        120.642       0.718491       0.119997    
     3.34495     "MS1DIP042"         7.99357        45.5200        8.22037        109.077       0.719627      -0.687051E-01
     3.38919     "MS1DIP042"         7.23345        36.3798        8.92209        97.5120       0.712419      -0.256954    
     3.43344     "MS1DIP043"         6.42153        28.2629        6.95878        96.6412       0.696914      -0.179801    
     3.43344     "COLLIMATOR_N60"    6.42153        28.2629        6.95878        96.6412       0.696914      -0.179801    
     3.45078     "S1_PIP06"          6.18254        25.0111        6.82534        90.9112       0.693797      -0.179801    
     3.46811     "S1_PIP06"          5.94818        21.9580        6.69189        85.1813       0.690680      -0.179801    
     3.48545     "S1_PIP06"          5.71845        19.1037        6.55845        79.4514       0.687562      -0.179801    
     3.50279     "S1_PIP06"          5.49335        16.4480        6.42500        73.7214       0.684445      -0.179801    
     3.52013     "S1_PIP06"          5.27287        13.9910        6.29156        67.9915       0.681328      -0.179801    
     3.52013     "COLLIMATOR_N60"    5.27287        13.9910        6.29156        67.9915       0.681328      -0.179801    
     3.52013     "COLLIMATOR_N61"    5.27287        13.9910        6.29156        67.9915       0.681328      -0.179801    
     3.56013     "S1_SLI02A"         4.78186        9.08045        5.98369        54.7720       0.674136      -0.179801    
     3.60013     "S1_SLI02A"         4.31548        5.22747        5.67582        41.5525       0.666944      -0.179801    
     3.64013     "S1_SLI02A"         3.87373        2.43205        5.36796        28.3330       0.659752      -0.179801    
     3.68013     "S1_SLI02A"         3.45661       0.694185        5.06009        15.1135       0.652560      -0.179801    
     3.72013     "S1_SLI02A"         3.06411       0.138808E-01    4.75222        1.89405       0.645367      -0.179801    
     3.72013     "COLLIMATOR_N61"    3.06411       0.138808E-01    4.75222        1.89405       0.645367      -0.179801    
     3.72013     "S1_MAR_PARALLEL    3.06411       0.138808E-01    4.75222        1.89405       0.645367      -0.179801    
     3.72013     "S1_MAR_MID"        3.06411       0.138808E-01    4.75222        1.89405       0.645367      -0.179801    
     3.72013     "COLLIMATOR_N62"    3.06411       0.138808E-01    4.75222        1.89405       0.645367      -0.179801    
     3.76013     "S1_SLI02B"         2.69625       0.391136        4.44435       -11.3254       0.638175      -0.179801    
     3.80013     "S1_SLI02B"         2.35302        1.82595        4.13648       -24.5449       0.630983      -0.179801    
     3.84013     "S1_SLI02B"         2.03441        4.31832        3.82861       -37.7644       0.623791      -0.179801    
     3.88013     "S1_SLI02B"         1.74044        7.86826        3.52075       -50.9839       0.616599      -0.179801    
     3.92013     "S1_SLI02B"         1.47109        12.4757        3.21288       -64.2034       0.609407      -0.179801    
     3.92013     "COLLIMATOR_N62"    1.47109        12.4757        3.21288       -64.2034       0.609407      -0.179801    
     3.92013     "COLLIMATOR_N63"    1.47109        12.4757        3.21288       -64.2034       0.609407      -0.179801    
     3.93049     "S1_PIP07_1"        1.40536        13.8414        3.13315       -67.6269       0.607545      -0.179801    
     3.94085     "S1_PIP07_1"        1.34127        15.2779        3.05342       -71.0504       0.605682      -0.179801    
     3.95120     "S1_PIP07_1"        1.27884        16.7854        2.97369       -74.4739       0.603820      -0.179801    
     3.96156     "S1_PIP07_1"        1.21805        18.3638        2.89396       -77.8973       0.601957      -0.179801    
     3.97192     "S1_PIP07_1"        1.15892        20.0131        2.81423       -81.3208       0.600094      -0.179801    
     3.97192     "COLLIMATOR_N63"    1.15892        20.0131        2.81423       -81.3208       0.600094      -0.179801    
     3.97192     "IS1BPM04"          1.15892        20.0131        2.81423       -81.3208       0.600094      -0.179801    
     3.97192     "COLLIMATOR_N64"    1.15892        20.0131        2.81423       -81.3208       0.600094      -0.179801    
     3.97890     "S1_PIP07_2"        1.12002        21.1643        2.76051       -83.6273       0.598840      -0.179801    
     3.98588     "S1_PIP07_2"        1.08186        22.3476        2.70680       -85.9337       0.597585      -0.179801    
     3.99286     "S1_PIP07_2"        1.04445        23.5632        2.65309       -88.2402       0.596330      -0.179801    
     3.99984     "S1_PIP07_2"        1.00780        24.8109        2.59937       -90.5466       0.595075      -0.179801    
     4.00682     "S1_PIP07_2"       0.971892        26.0908        2.54566       -92.8531       0.593820      -0.179801    
     4.00682     "COLLIMATOR_N64"   0.971892        26.0908        2.54566       -92.8531       0.593820      -0.179801    
     4.05106     "MS1DIP051"        0.785160        33.9503        2.03333       -94.6588       0.592048      -0.124971    
     4.09530     "MS1DIP052"        0.613625        42.8431        1.83516       -106.337       0.582774      -0.294012    
     4.13955     "MS1DIP052"        0.461810        52.7693        1.58862       -118.015       0.566060      -0.461112    
     4.18379     "MS1DIP052"        0.333715        63.7289        1.30021       -129.694       0.542017      -0.625168    
     4.22804     "MS1DIP053"        0.232717        75.7218       0.889468       -112.720       0.510802      -0.591816    
     4.22804     "COLLIMATOR_N65"   0.232717        75.7218       0.889468       -112.720       0.510802      -0.591816    
     4.23604     "S1_PIP08_1"       0.218978        77.5361       0.827894       -114.062       0.506067      -0.591816    
     4.24404     "S1_PIP08_1"       0.206224        79.3718       0.766321       -115.405       0.501333      -0.591816    
     4.25204     "S1_PIP08_1"       0.194456        81.2290       0.704747       -116.747       0.496598      -0.591816    
     4.26004     "S1_PIP08_1"       0.183672        83.1077       0.643173       -118.089       0.491864      -0.591816    
     4.26804     "S1_PIP08_1"       0.173874        85.0079       0.581600       -119.432       0.487129      -0.591816    
     4.26804     "COLLIMATOR_N65"   0.173874        85.0079       0.581600       -119.432       0.487129      -0.591816    
     4.26804     "COLLIMATOR_N66"   0.173874        85.0079       0.581600       -119.432       0.487129      -0.591816    
     4.30804     "S1_PIP08_MS1024   0.142757        92.9309       0.201734       -77.2601       0.468477      -0.342427    
     4.34804     "S1_PIP08_MS1024   0.141145        97.1979      -0.161137       -28.6698       0.459639      -0.100212    
     4.38804     "S1_PIP08_MS1024   0.168900        97.4543      -0.537583        22.3023       0.460432       0.139904    
     4.42804     "S1_PIP08_MS1024   0.228362        93.6790      -0.959316        71.4216       0.470871       0.382950    
     4.46804     "S1_PIP08_MS1024   0.324540        86.1856       -1.46186        114.607       0.491175       0.634020    
     4.46804     "COLLIMATOR_N66"   0.324540        86.1856       -1.46186        114.607       0.491175       0.634020    
     4.46804     "COLLIMATOR_N67"   0.324540        86.1856       -1.46186        114.607       0.491175       0.634020    
     4.50052     "S1_PIP08_2"       0.429728        78.8997       -1.77590        109.656       0.511773       0.634020    
     4.53301     "S1_PIP08_2"       0.555320        71.9357       -2.08993        104.704       0.532370       0.634020    
     4.56550     "S1_PIP08_2"       0.701316        65.2933       -2.40396        99.7527       0.552968       0.634020    
     4.59799     "S1_PIP08_2"       0.867717        58.9727       -2.71799        94.8011       0.573566       0.634020    
     4.63047     "S1_PIP08_2"        1.05452        52.9738       -3.03202        89.8495       0.594164       0.634020    
     4.63047     "COLLIMATOR_N67"    1.05452        52.9738       -3.03202        89.8495       0.594164       0.634020    
     4.63047     "COLLIMATOR_N68"    1.05452        52.9738       -3.03202        89.8495       0.594164       0.634020    
     4.67047     "S1_SLI03"          1.31255        46.0297       -3.41867        83.7530       0.619525       0.634020    
     4.71047     "S1_SLI03"          1.60151        39.5733       -3.80531        77.6564       0.644886       0.634020    
     4.75047     "S1_SLI03"          1.92140        33.6047       -4.19196        71.5599       0.670246       0.634020    
     4.79047     "S1_SLI03"          2.27222        28.1237       -4.57860        65.4633       0.695607       0.634020    
     4.83047     "S1_SLI03"          2.65398        23.1305       -4.96525        59.3668       0.720968       0.634020    
     4.83047     "COLLIMATOR_N68"    2.65398        23.1305       -4.96525        59.3668       0.720968       0.634020    
     4.83047     "COLLIMATOR_N69"    2.65398        23.1305       -4.96525        59.3668       0.720968       0.634020    
     4.86162     "S1_PIP09_1"        2.97263        19.5806       -5.26629        54.6200       0.740714       0.634020    
     4.89276     "S1_PIP09_1"        3.31003        16.3262       -5.56733        49.8733       0.760460       0.634020    
     4.92391     "S1_PIP09_1"        3.66618        13.3676       -5.86837        45.1265       0.780205       0.634020    
     4.95505     "S1_PIP09_1"        4.04108        10.7046       -6.16941        40.3798       0.799951       0.634020    
     4.98619     "S1_PIP09_1"        4.43473        8.33725       -6.47045        35.6330       0.819697       0.634020    
     4.98619     "COLLIMATOR_N69"    4.43473        8.33725       -6.47045        35.6330       0.819697       0.634020    
     4.98619     "COLLIMATOR_N70"    4.43473        8.33725       -6.47045        35.6330       0.819697       0.634020    
     5.02619     "S1_PIP09_MS1025    4.88381        5.84634       -4.69032        27.0059       0.837756       0.267583    
     5.06619     "S1_PIP09_MS1025    5.17638        3.96525       -2.58079        20.2979       0.841041      -0.103572    
     5.10619     "S1_PIP09_MS1025    5.29189        2.56031      -0.290022        15.0322       0.829494      -0.472901    
     5.14619     "S1_PIP09_MS1025    5.22224        1.53168        2.02111        10.8347       0.803320      -0.833891    
     5.18619     "S1_PIP09_MS1025    4.97231       0.806276        4.19031        7.40707       0.762979       -1.18017    
     5.18619     "COLLIMATOR_N70"    4.97231       0.806276        4.19031        7.40707       0.762979       -1.18017    
     5.18619     "COLLIMATOR_N71"    4.97231       0.806276        4.19031        7.40707       0.762979       -1.18017    
     5.18922     "S1_PIP09_2"        4.94702       0.762147        4.17904        7.19771       0.759413       -1.18017    
     5.19224     "S1_PIP09_2"        4.92180       0.719282        4.16776        6.98836       0.755847       -1.18017    
     5.19526     "S1_PIP09_2"        4.89665       0.677683        4.15648        6.77900       0.752281       -1.18017    
     5.19828     "S1_PIP09_2"        4.87156       0.637348        4.14520        6.56964       0.748715       -1.18017    
     5.20130     "S1_PIP09_2"        4.84655       0.598279        4.13392        6.36028       0.745149       -1.18017    
     5.20130     "COLLIMATOR_N71"    4.84655       0.598279        4.13392        6.36028       0.745149       -1.18017    
     5.20130     "IS1BPM05"          4.84655       0.598279        4.13392        6.36028       0.745149       -1.18017    
     5.20130     "COLLIMATOR_N72"    4.84655       0.598279        4.13392        6.36028       0.745149       -1.18017    
     5.20828     "S1_PIP09_3"        4.78903       0.512884        4.10788        5.87677       0.736913       -1.18017    
     5.21526     "S1_PIP09_3"        4.73188       0.434238        4.08183        5.39325       0.728678       -1.18017    
     5.22224     "S1_PIP09_3"        4.67509       0.362339        4.05578        4.90974       0.720442       -1.18017    
     5.22922     "S1_PIP09_3"        4.61867       0.297189        4.02974        4.42622       0.712206       -1.18017    
     5.23619     "S1_PIP09_3"        4.56261       0.238787        4.00369        3.94271       0.703970       -1.18017    
     5.23619     "COLLIMATOR_N72"    4.56261       0.238787        4.00369        3.94271       0.703970       -1.18017    
     5.28048     "MS1DIP061"         4.43293       0.217827E-01    2.04576       0.793510       0.671411      -0.772166    
     5.32476     "MS1DIP062"         4.20308       0.982248E-01    3.12393       -2.51964       0.635715      -0.838366    
     5.36905     "MS1DIP062"         3.88392       0.468114        4.05447       -5.83280       0.597304      -0.894632    
     5.41333     "MS1DIP062"         3.49054        1.13145        4.79341       -9.14595       0.556633      -0.940298    
     5.45762     "MS1DIP063"         3.04151        2.08823        3.21748       -11.0253       0.514186      -0.621773    
     5.45762     "COLLIMATOR_N73"    3.04151        2.08823        3.21748       -11.0253       0.514186      -0.621773    
     5.48282     "S1_PIP10_1"        2.88172        2.68118        3.12343       -12.5043       0.498517      -0.621773    
     5.50802     "S1_PIP10_1"        2.72667        3.34866        3.02937       -13.9832       0.482848      -0.621773    
     5.53322     "S1_PIP10_1"        2.57636        4.09069        2.93531       -15.4622       0.467180      -0.621773    
     5.55842     "S1_PIP10_1"        2.43079        4.90725        2.84125       -16.9412       0.451511      -0.621773    
     5.58362     "S1_PIP10_1"        2.28996        5.79836        2.74720       -18.4201       0.435842      -0.621773    
     5.58362     "COLLIMATOR_N73"    2.28996        5.79836        2.74720       -18.4201       0.435842      -0.621773    
     5.67062     "S1_PIP10_MS1026    1.84020        9.44767        2.42248       -23.5261       0.381748      -0.621773    
     5.67202     "S1_PIP10_MS1027    1.83347        9.51342        2.38526       -23.4422       0.380883      -0.615118    
     5.67342     "S1_PIP10_MS1027    1.82685        9.57895        2.34827       -23.3561       0.380026      -0.608479    
     5.67482     "S1_PIP10_MS1027    1.82032        9.64422        2.31151       -23.2677       0.379179      -0.601854    
     5.67622     "S1_PIP10_MS1027    1.81390        9.70925        2.27497       -23.1770       0.378341      -0.595244    
     5.67762     "S1_PIP10_MS1027    1.80758        9.77402        2.23866       -23.0840       0.377512      -0.588649    
     5.67762     "COLLIMATOR_N74"    1.80758        9.77402        2.23866       -23.0840       0.377512      -0.588649    
     5.71622     "S1_PIP10_MS1028    1.67258        11.4270        1.28117       -19.4626       0.358361      -0.405202    
     5.75482     "S1_PIP10_MS1028    1.60722        12.7406       0.423100       -14.3502       0.346130      -0.229578    
     5.79342     "S1_PIP10_MS1028    1.60641        13.6143      -0.402137       -8.13846       0.340581      -0.583862E-01
     5.83202     "S1_PIP10_MS1028    1.67011        13.9811       -1.25858       -1.30318       0.341608       0.111678    
     5.87062     "S1_PIP10_MS1028    1.80324        13.8129       -2.21269        5.63193       0.349230       0.283898    
     5.87062     "COLLIMATOR_N74"    1.80324        13.8129       -2.21269        5.63193       0.349230       0.283898    
     5.87062     "COLLIMATOR_N75"    1.80324        13.8129       -2.21269        5.63193       0.349230       0.283898    
     5.91364     "S1_PIP10_2"        1.99969        13.3327       -2.35336        5.53003       0.361444       0.283898    
     5.95666     "S1_PIP10_2"        2.20823        12.8612       -2.49403        5.42812       0.373658       0.283898    
     5.99969     "S1_PIP10_2"        2.42888        12.3986       -2.63470        5.32621       0.385872       0.283898    
     6.04271     "S1_PIP10_2"        2.66164        11.9446       -2.77537        5.22430       0.398086       0.283898    
     6.08573     "S1_PIP10_2"        2.90650        11.4995       -2.91604        5.12240       0.410300       0.283898    
     6.08573     "COLLIMATOR_N75"    2.90650        11.4995       -2.91604        5.12240       0.410300       0.283898    
     6.08573     "IS1BPM06"          2.90650        11.4995       -2.91604        5.12240       0.410300       0.283898    
     6.08573     "COLLIMATOR_N76"    2.90650        11.4995       -2.91604        5.12240       0.410300       0.283898    
     6.09271     "S1_PIP10_3"        2.94735        11.4281       -2.93885        5.10587       0.412281       0.283898    
     6.09969     "S1_PIP10_3"        2.98852        11.3570       -2.96167        5.08934       0.414262       0.283898    
     6.10666     "S1_PIP10_3"        3.03001        11.2861       -2.98448        5.07281       0.416243       0.283898    
     6.11364     "S1_PIP10_3"        3.07182        11.2154       -3.00730        5.05628       0.418224       0.283898    
     6.12062     "S1_PIP10_3"        3.11394        11.1450       -3.03011        5.03976       0.420205       0.283898    
     6.12062     "COLLIMATOR_N76"    3.11394        11.1450       -3.03011        5.03976       0.420205       0.283898    
     6.16479     "MS1DIP071"         3.45371        10.4307       -3.76050        7.94917       0.435420       0.284811    
     6.20896     "MS1DIP072"         3.77613        9.74054       -3.52710        7.67736       0.445344       0.164361    
     6.25313     "MS1DIP072"         4.07479        9.07434       -3.22341        7.40555       0.449927       0.430897E-01
     6.29730     "MS1DIP072"         4.34374        8.43215       -2.85548        7.13373       0.449147      -0.783962E-01
     6.34147     "MS1DIP073"         4.57761        7.81397       -3.73728        9.09234       0.443008      -0.730388E-01
     6.34147     "COLLIMATOR_N77"    4.57761        7.81397       -3.73728        9.09234       0.443008      -0.730388E-01
     6.38407     "S1_PIP11_1"        4.90196        7.05873       -3.87657        8.63619       0.439896      -0.730388E-01
     6.42667     "S1_PIP11_1"        5.23818        6.34236       -4.01586        8.18004       0.436785      -0.730388E-01
     6.46927     "S1_PIP11_1"        5.58627        5.66486       -4.15515        7.72388       0.433673      -0.730388E-01
     6.51187     "S1_PIP11_1"        5.94622        5.02621       -4.29444        7.26773       0.430562      -0.730388E-01
     6.55447     "S1_PIP11_1"        6.31804        4.42644       -4.43372        6.81157       0.427450      -0.730388E-01
     6.55447     "COLLIMATOR_N77"    6.31804        4.42644       -4.43372        6.81157       0.427450      -0.730388E-01
     6.64147     "S1_PIP11_MS1029    7.11425        3.32227       -4.71818        5.87999       0.421096      -0.730388E-01
     6.64287     "S1_PIP11_MS1030    7.12738        3.30587       -4.65580        5.83394       0.420991      -0.769944E-01
     6.64427     "S1_PIP11_MS1030    7.14033        3.28960       -4.59317        5.78820       0.420880      -0.809490E-01
     6.64567     "S1_PIP11_MS1030    7.15310        3.27346       -4.53031        5.74277       0.420764      -0.849025E-01
     6.64707     "S1_PIP11_MS1030    7.16570        3.25744       -4.46720        5.69763       0.420643      -0.888549E-01
     6.64847     "S1_PIP11_MS1030    7.17812        3.24155       -4.40386        5.65280       0.420515      -0.928061E-01
     6.64847     "COLLIMATOR_N78"    7.17812        3.24155       -4.40386        5.65280       0.420515      -0.928061E-01
     6.68707     "S1_PIP11_MS1031    7.44370        2.85190       -2.45216        4.47744       0.414701      -0.208167    
     6.72567     "S1_PIP11_MS1031    7.55405        2.54531      -0.396340        3.49356       0.404473      -0.321311    
     6.76427     "S1_PIP11_MS1031    7.50446        2.30866        1.67631        2.65909       0.389940      -0.431036    
     6.80287     "S1_PIP11_MS1031    7.29706        2.13183        3.67778        1.93833       0.371257      -0.536173    
     6.84147     "S1_PIP11_MS1031    6.94064        2.00725        5.52308        1.30047       0.348621      -0.635602    
     6.84147     "COLLIMATOR_N78"    6.94064        2.00725        5.52308        1.30047       0.348621      -0.635602    
     6.84147     "COLLIMATOR_N79"    6.94064        2.00725        5.52308        1.30047       0.348621      -0.635602    
     6.85813     "S1_PIP11_2"        6.75783        1.96428        5.44744        1.27813       0.338030      -0.635602    
     6.87479     "S1_PIP11_2"        6.57755        1.92206        5.37181        1.25579       0.327439      -0.635602    
     6.89146     "S1_PIP11_2"        6.39978        1.88058        5.29617        1.23345       0.316847      -0.635602    
     6.90812     "S1_PIP11_2"        6.22454        1.83984        5.22053        1.21110       0.306256      -0.635602    
     6.92478     "S1_PIP11_2"        6.05182        1.79985        5.14490        1.18876       0.295665      -0.635602    
     6.92478     "COLLIMATOR_N79"    6.05182        1.79985        5.14490        1.18876       0.295665      -0.635602    
     6.92478     "IS1SCR02"          6.05182        1.79985        5.14490        1.18876       0.295665      -0.635602    
     6.92478     "COLLIMATOR_N80"    6.05182        1.79985        5.14490        1.18876       0.295665      -0.635602    
     6.97041     "S1_PIP11_3"        5.59178        1.69417        4.93779        1.12759       0.266664      -0.635602    
     7.01604     "S1_PIP11_3"        5.15064        1.59406        4.73069        1.06642       0.237664      -0.635602    
     7.06166     "S1_PIP11_3"        4.72840        1.49954        4.52358        1.00524       0.208664      -0.635602    
     7.10729     "S1_PIP11_3"        4.32505        1.41060        4.31648       0.944067       0.179663      -0.635602    
     7.15292     "S1_PIP11_3"        3.94061        1.32724        4.10937       0.882893       0.150663      -0.635602    
     7.15292     "COLLIMATOR_N80"    3.94061        1.32724        4.10937       0.882893       0.150663      -0.635602    
     7.31002     "S1_PIP11_MS1032    2.76147        1.08293        3.39627       0.672261       0.508097E-01  -0.635602    
     7.31002     "COLLIMATOR_N81"    2.76147        1.08293        3.39627       0.672261       0.508097E-01  -0.635602    
     7.33605     "S1_PIP11_4"        2.58774        1.04884        3.27812       0.637361       0.342647E-01  -0.635602    
     7.36208     "S1_PIP11_4"        2.42015        1.01656        3.15996       0.602461       0.177197E-01  -0.635602    
     7.38811     "S1_PIP11_4"        2.25872       0.986107        3.04181       0.567560       0.117465E-02  -0.635602    
     7.41414     "S1_PIP11_4"        2.10343       0.957468        2.92365       0.532660      -0.153704E-01  -0.635602    
     7.44017     "S1_PIP11_4"        1.95430       0.930646        2.80550       0.497760      -0.319154E-01  -0.635602    
     7.44017     "COLLIMATOR_N81"    1.95430       0.930646        2.80550       0.497760      -0.319154E-01  -0.635602    
     7.44017     "S1_MAR_END"        1.95430       0.930646        2.80550       0.497760      -0.319154E-01  -0.635602    
     7.43339     "DRIFT_MS1DPB08_    1.99256       0.937458        2.83628       0.506851      -0.276054E-01  -0.635602    
     7.43339     "MS1DPB08_PATCH0    1.99256       0.937458        2.83628       0.506851      -0.276054E-01  -0.635602    
     7.43339     "B_FRINGE_IN3"      1.99256       0.937458        2.83628       0.506851      -0.276054E-01  -0.635602    
     7.47796     "MS1DPB081"         1.73196       0.894940        2.99257       0.447093      -0.536263E-01  -0.531124    
     7.52253     "MS1DPB082"         1.46231       0.857749        3.03888       0.387335      -0.748778E-01  -0.421754    
     7.56710     "MS1DPB082"         1.19350       0.825885        2.97351       0.327577      -0.911643E-01  -0.308501    
     7.61167     "MS1DPB082"        0.935432       0.799348        2.79886       0.267818      -0.102336      -0.192406    
     7.65624     "MS1DPB083"        0.697576       0.778138        2.52135       0.208060      -0.108289      -0.745400E-01
     7.65624     "B_FRINGE_OUT3"    0.697576       0.778138        2.52135       0.208060      -0.108289      -0.745400E-01
     7.64946     "DRIFT_MS1DPB08_   0.732255       0.781021        2.59287       0.217152      -0.107784      -0.745400E-01
     7.64946     "MS1DPB08_PATCH1   0.732255       0.781021        2.59287       0.217152      -0.107784      -0.745400E-01
     7.64946     "FA_MATCH042"      0.732255       0.781021        2.59287       0.217152      -0.107784      -0.745400E-01
     7.64946     "COLLIMATOR_N82"   0.732255       0.781021        2.59287       0.217152      -0.107784      -0.745400E-01
     7.67016     "S1_PIP12_1_1"     0.629429       0.772605        2.37455       0.189398      -0.109327      -0.745400E-01
     7.69086     "S1_PIP12_1_1"     0.535642       0.765339        2.15623       0.161645      -0.110870      -0.745400E-01
     7.71156     "S1_PIP12_1_1"     0.450894       0.759221        1.93791       0.133891      -0.112413      -0.745400E-01
     7.73226     "S1_PIP12_1_1"     0.375183       0.754252        1.71959       0.106138      -0.113956      -0.745400E-01
     7.75296     "S1_PIP12_1_1"     0.308512       0.750433        1.50127       0.783840E-01  -0.115499      -0.745400E-01
     7.75296     "COLLIMATOR_N82"   0.308512       0.750433        1.50127       0.783840E-01  -0.115499      -0.745400E-01
     7.76796     "S1_PIP12_S11033   0.265846       0.748383        1.34307       0.582727E-01  -0.116617      -0.745400E-01
     7.78296     "S1_PIP12_S11033   0.227927       0.746937        1.18487       0.381614E-01  -0.117735      -0.745400E-01
     7.79796     "S1_PIP12_S11033   0.194754       0.746093        1.02666       0.180502E-01  -0.118853      -0.745400E-01
     7.81296     "S1_PIP12_S11033   0.166328       0.745853       0.868462      -0.206112E-02  -0.119971      -0.745400E-01
     7.82796     "S1_PIP12_S11033   0.142647       0.746217       0.710260      -0.221724E-01  -0.121089      -0.745400E-01
     7.82796     "COLLIMATOR_N83"   0.142647       0.746217       0.710260      -0.221724E-01  -0.121089      -0.745400E-01
     7.83756     "S1_PIP12_1_2"     0.129982       0.746766       0.609010      -0.350436E-01  -0.121805      -0.745400E-01
     7.84716     "S1_PIP12_1_2"     0.119261       0.747563       0.507761      -0.479148E-01  -0.122520      -0.745400E-01
     7.85676     "S1_PIP12_1_2"     0.110484       0.748606       0.406511      -0.607860E-01  -0.123236      -0.745400E-01
     7.86636     "S1_PIP12_1_2"     0.103651       0.749897       0.305262      -0.736573E-01  -0.123952      -0.745400E-01
     7.87596     "S1_PIP12_1_2"     0.987616E-01   0.751435       0.204012      -0.865285E-01  -0.124667      -0.745400E-01
     7.87596     "COLLIMATOR_N83"   0.987616E-01   0.751435       0.204012      -0.865285E-01  -0.124667      -0.745400E-01
     7.87596     "S1_MERGE_MA1034   0.987616E-01   0.751435       0.204012      -0.865285E-01  -0.124667      -0.745400E-01
     7.87596     "FA_MAR_BEG_1"     0.987616E-01   0.751435       0.204012      -0.865285E-01  -0.124667      -0.745400E-01
     7.87596     "LAT"              0.987616E-01   0.751435       0.204012      -0.865285E-01  -0.124667      -0.745400E-01
