1                                                                                  "MAD" Version: 8.23dl    Run: 09/04/18  15.17.50
 Linear lattice functions.    TWISS               line: LAT                        range: #S/#E                                   
 Delta(p)/p:     0.000000     symm: F             super:   1                                                             page     1
 ----------------------------------------------------------------------------------------------------------------------------------
      ELEMENT SEQUENCE                              I                H O R I Z O N T A L                 I                  V E R T I C A L
 pos.  element occ.    dist  energy   z(co)  dE(co) I     betax    alfax   mux  x(co)  px(co) Dx    Dpx  I     betay    alfay   muy  y(co)  py(co) Dy    Dpy
 no.   name    no.      [m]  [GeV]     [mm]    [%]  I     [m]      [1]    [2pi]  [mm]  [.001] [m]   [1]  I     [m]      [1]    [2pi]  [mm]  [.001] [m]   [1]
 ----------------------------------------------------------------------------------------------------------------------------------
 begin LAT        1     0.000    0.006  0.000  0.000     1.414     0.307   0.000 0.000 0.000 0.000 0.000    12.115     4.205   0.000 0.000 0.000 0.000 0.000
 begin LINE_1     1     0.000    0.006  0.000  0.000     1.414     0.307   0.000 0.000 0.000 0.000 0.000    12.115     4.205   0.000 0.000 0.000 0.000 0.000
     1 LA_MAR_B   1     0.000    0.006  0.000  0.000     1.414     0.307   0.000 0.000 0.000 0.000 0.000    12.115     4.205   0.000 0.000 0.000 0.000 0.000
     2 LA_PAD01   1     0.181    0.006  0.000  0.000     1.328     0.167   0.021 0.000 0.000 0.000 0.000    10.644     3.926   0.003 0.000 0.000 0.000 0.000
     3 COLLIMAT   1     0.181    0.006  0.000  0.000     1.328     0.167   0.021 0.000 0.000 0.000 0.000    10.644     3.926   0.003 0.000 0.000 0.000 0.000
     4 IB1BPC03   1     0.181    0.006  0.000  0.000     1.328     0.167   0.021 0.000 0.000 0.000 0.000    10.644     3.926   0.003 0.000 0.000 0.000 0.000
     5 LA_PAD01   1     0.336    0.006  0.000  0.000     1.295     0.047   0.040 0.000 0.000 0.000 0.000     9.464     3.687   0.005 0.000 0.000 0.000 0.000
     6 COLLIMAT   1     0.336    0.006  0.000  0.000     1.295     0.047   0.040 0.000 0.000 0.000 0.000     9.464     3.687   0.005 0.000 0.000 0.000 0.000
     7 LA_CRMOD   1     0.336    0.006  0.000  0.000     1.295     0.047   0.040 0.000 0.000 0.000 0.000     9.464     3.687   0.005 0.000 0.000 0.000 0.000
     8 COLLIMAT   1     0.336    0.006  0.000  0.000     1.295     0.047   0.040 0.000 0.000 0.000 0.000     9.464     3.687   0.005 0.000 0.000 0.000 0.000
     9 LA_FLA01   1     0.359    0.006  0.000  0.000     1.293     0.029   0.043 0.000 0.000 0.000 0.000     9.293     3.651   0.005 0.000 0.000 0.000 0.000
    10 COLLIMAT   1     0.359    0.006  0.000  0.000     1.293     0.029   0.043 0.000 0.000 0.000 0.000     9.293     3.651   0.005 0.000 0.000 0.000 0.000
    11 LA_MAR_B   1     0.359    0.006  0.000  0.000     1.293     0.029   0.043 0.000 0.000 0.000 0.000     9.293     3.651   0.005 0.000 0.000 0.000 0.000
    12 LA_PIP01   1     0.677    0.006  0.000  0.000     1.353    -0.217   0.081 0.000 0.000 0.000 0.000     7.128     3.160   0.012 0.000 0.000 0.000 0.000
    13 COLLIMAT   1     0.677    0.006  0.000  0.000     1.353    -0.217   0.081 0.000 0.000 0.000 0.000     7.128     3.160   0.012 0.000 0.000 0.000 0.000
    14 LA_GAT01   1     0.752    0.006  0.000  0.000     1.390    -0.275   0.090 0.000 0.000 0.000 0.000     6.662     3.045   0.013 0.000 0.000 0.000 0.000
    15 COLLIMAT   1     0.752    0.006  0.000  0.000     1.390    -0.275   0.090 0.000 0.000 0.000 0.000     6.662     3.045   0.013 0.000 0.000 0.000 0.000
    16 LA_TAP01   1     0.892    0.006  0.000  0.000     1.482    -0.384   0.106 0.000 0.000 0.000 0.000     5.840     2.829   0.017 0.000 0.000 0.000 0.000
    17 COLLIMAT   1     0.892    0.006  0.000  0.000     1.482    -0.384   0.106 0.000 0.000 0.000 0.000     5.840     2.829   0.017 0.000 0.000 0.000 0.000
    18 LA_HOM01   1     1.012    0.006  0.000  0.000     1.585    -0.476   0.118 0.000 0.000 0.000 0.000     5.183     2.644   0.020 0.000 0.000 0.000 0.000
    19 COLLIMAT   1     1.012    0.006  0.000  0.000     1.585    -0.476   0.118 0.000 0.000 0.000 0.000     5.183     2.644   0.020 0.000 0.000 0.000 0.000
    20 LA_PIP02   1     1.073    0.006  0.000  0.000     1.646    -0.524   0.124 0.000 0.000 0.000 0.000     4.866     2.550   0.022 0.000 0.000 0.000 0.000
    21 COLLIMAT   1     1.073    0.006  0.000  0.000     1.646    -0.524   0.124 0.000 0.000 0.000 0.000     4.866     2.550   0.022 0.000 0.000 0.000 0.000
    22 LA_PIP03   1     1.157    0.006  0.000  0.000     1.740    -0.589   0.132 0.000 0.000 0.000 0.000     4.450     2.421   0.025 0.000 0.000 0.000 0.000
    23 COLLIMAT   1     1.157    0.006  0.000  0.000     1.740    -0.589   0.132 0.000 0.000 0.000 0.000     4.450     2.421   0.025 0.000 0.000 0.000 0.000
    24 LA_CAV01   1     2.157    0.012  0.000  0.000     3.273    -0.966   0.199 0.000 0.000 0.000 0.000     0.889     0.898   0.107 0.000 0.000 0.000 0.000
    25 LA_PIP04   1     2.241    0.012  0.000  0.000     3.439    -1.015   0.203 0.000 0.000 0.000 0.000     0.753     0.728   0.123 0.000 0.000 0.000 0.000
    26 COLLIMAT   1     2.241    0.012  0.000  0.000     3.439    -1.015   0.203 0.000 0.000 0.000 0.000     0.753     0.728   0.123 0.000 0.000 0.000 0.000
    27 LA_PIP05   1     2.302    0.012  0.000  0.000     3.566    -1.052   0.206 0.000 0.000 0.000 0.000     0.671     0.603   0.137 0.000 0.000 0.000 0.000
    28 COLLIMAT   1     2.302    0.012  0.000  0.000     3.566    -1.052   0.206 0.000 0.000 0.000 0.000     0.671     0.603   0.137 0.000 0.000 0.000 0.000
    29 LA_HOM02   1     2.422    0.012  0.000  0.000     3.827    -1.123   0.211 0.000 0.000 0.000 0.000     0.556     0.359   0.168 0.000 0.000 0.000 0.000
    30 COLLIMAT   1     2.422    0.012  0.000  0.000     3.827    -1.123   0.211 0.000 0.000 0.000 0.000     0.556     0.359   0.168 0.000 0.000 0.000 0.000
    31 LA_PIP06   1     2.484    0.012  0.000  0.000     3.967    -1.159   0.214 0.000 0.000 0.000 0.000     0.519     0.234   0.187 0.000 0.000 0.000 0.000
    32 COLLIMAT   1     2.484    0.012  0.000  0.000     3.967    -1.159   0.214 0.000 0.000 0.000 0.000     0.519     0.234   0.187 0.000 0.000 0.000 0.000
    33 LA_PIP07   1     2.567    0.012  0.000  0.000     4.165    -1.208   0.217 0.000 0.000 0.000 0.000     0.494     0.064   0.213 0.000 0.000 0.000 0.000
    34 COLLIMAT   1     2.567    0.012  0.000  0.000     4.165    -1.208   0.217 0.000 0.000 0.000 0.000     0.494     0.064   0.213 0.000 0.000 0.000 0.000
    35 LA_CAV02   1     3.567    0.018  0.000  0.000     6.892    -1.515   0.247 0.000 0.000 0.000 0.000     2.348    -1.900   0.400 0.000 0.000 0.000 0.000
    36 LA_PIP08   1     3.651    0.018  0.000  0.000     7.149    -1.555   0.248 0.000 0.000 0.000 0.000     2.680    -2.065   0.405 0.000 0.000 0.000 0.000
    37 COLLIMAT   1     3.651    0.018  0.000  0.000     7.149    -1.555   0.248 0.000 0.000 0.000 0.000     2.680    -2.065   0.405 0.000 0.000 0.000 0.000
    38 LA_PIP09   1     3.713    0.018  0.000  0.000     7.342    -1.585   0.250 0.000 0.000 0.000 0.000     2.941    -2.185   0.408 0.000 0.000 0.000 0.000
    39 COLLIMAT   1     3.713    0.018  0.000  0.000     7.342    -1.585   0.250 0.000 0.000 0.000 0.000     2.941    -2.185   0.408 0.000 0.000 0.000 0.000
    40 LA_HOM03   1     3.833    0.018  0.000  0.000     7.729    -1.642   0.252 0.000 0.000 0.000 0.000     3.494    -2.421   0.414 0.000 0.000 0.000 0.000
    41 COLLIMAT   1     3.833    0.018  0.000  0.000     7.729    -1.642   0.252 0.000 0.000 0.000 0.000     3.494    -2.421   0.414 0.000 0.000 0.000 0.000
    42 LA_PIP10   1     3.894    0.018  0.000  0.000     7.933    -1.672   0.254 0.000 0.000 0.000 0.000     3.799    -2.542   0.417 0.000 0.000 0.000 0.000
    43 COLLIMAT   1     3.894    0.018  0.000  0.000     7.933    -1.672   0.254 0.000 0.000 0.000 0.000     3.799    -2.542   0.417 0.000 0.000 0.000 0.000
    44 LA_PIP11   1     3.978    0.018  0.000  0.000     8.216    -1.712   0.255 0.000 0.000 0.000 0.000     4.239    -2.706   0.420 0.000 0.000 0.000 0.000
    45 COLLIMAT   1     3.978    0.018  0.000  0.000     8.216    -1.712   0.255 0.000 0.000 0.000 0.000     4.239    -2.706   0.420 0.000 0.000 0.000 0.000
1                                                                                  "MAD" Version: 8.23dl    Run: 09/04/18  15.17.50
 Linear lattice functions.    TWISS               line: LAT                        range: #S/#E                                   
 Delta(p)/p:     0.000000     symm: F             super:   1                                                             page     2
 ----------------------------------------------------------------------------------------------------------------------------------
      ELEMENT SEQUENCE                              I                H O R I Z O N T A L                 I                  V E R T I C A L
 pos.  element occ.    dist  energy   z(co)  dE(co) I     betax    alfax   mux  x(co)  px(co) Dx    Dpx  I     betay    alfay   muy  y(co)  py(co) Dy    Dpy
 no.   name    no.      [m]  [GeV]     [mm]    [%]  I     [m]      [1]    [2pi]  [mm]  [.001] [m]   [1]  I     [m]      [1]    [2pi]  [mm]  [.001] [m]   [1]
 ----------------------------------------------------------------------------------------------------------------------------------
    46 LA_CAV03   1     4.978    0.024  0.000  0.000    11.875    -1.944   0.271 0.000 0.000 0.000 0.000    11.423    -4.445   0.443 0.000 0.000 0.000 0.000
    47 LA_PIP12   1     5.062    0.024  0.000  0.000    12.203    -1.978   0.272 0.000 0.000 0.000 0.000    12.180    -4.597   0.444 0.000 0.000 0.000 0.000
    48 COLLIMAT   1     5.062    0.024  0.000  0.000    12.203    -1.978   0.272 0.000 0.000 0.000 0.000    12.180    -4.597   0.444 0.000 0.000 0.000 0.000
    49 LA_PIP13   1     5.123    0.024  0.000  0.000    12.448    -2.002   0.273 0.000 0.000 0.000 0.000    12.752    -4.709   0.445 0.000 0.000 0.000 0.000
    50 COLLIMAT   1     5.123    0.024  0.000  0.000    12.448    -2.002   0.273 0.000 0.000 0.000 0.000    12.752    -4.709   0.445 0.000 0.000 0.000 0.000
    51 LA_HOM04   1     5.243    0.024  0.000  0.000    12.935    -2.051   0.275 0.000 0.000 0.000 0.000    13.908    -4.927   0.447 0.000 0.000 0.000 0.000
    52 COLLIMAT   1     5.243    0.024  0.000  0.000    12.935    -2.051   0.275 0.000 0.000 0.000 0.000    13.908    -4.927   0.447 0.000 0.000 0.000 0.000
    53 LA_PIP14   1     5.305    0.024  0.000  0.000    13.188    -2.076   0.276 0.000 0.000 0.000 0.000    14.521    -5.038   0.447 0.000 0.000 0.000 0.000
    54 COLLIMAT   1     5.305    0.024  0.000  0.000    13.188    -2.076   0.276 0.000 0.000 0.000 0.000    14.521    -5.038   0.447 0.000 0.000 0.000 0.000
    55 LA_PIP15   1     5.388    0.024  0.000  0.000    13.539    -2.109   0.277 0.000 0.000 0.000 0.000    15.377    -5.190   0.448 0.000 0.000 0.000 0.000
    56 COLLIMAT   1     5.388    0.024  0.000  0.000    13.539    -2.109   0.277 0.000 0.000 0.000 0.000    15.377    -5.190   0.448 0.000 0.000 0.000 0.000
    57 LA_CAV04   1     6.388    0.030  0.000  0.000    17.938    -2.288   0.287 0.000 0.000 0.000 0.000    27.268    -6.673   0.456 0.000 0.000 0.000 0.000
    58 LA_PIP16   1     6.472    0.030  0.000  0.000    18.324    -2.317   0.287 0.000 0.000 0.000 0.000    28.397    -6.813   0.456 0.000 0.000 0.000 0.000
    59 COLLIMAT   1     6.472    0.030  0.000  0.000    18.324    -2.317   0.287 0.000 0.000 0.000 0.000    28.397    -6.813   0.456 0.000 0.000 0.000 0.000
    60 LA_PIP17   1     6.534    0.030  0.000  0.000    18.610    -2.339   0.288 0.000 0.000 0.000 0.000    29.242    -6.915   0.457 0.000 0.000 0.000 0.000
    61 COLLIMAT   1     6.534    0.030  0.000  0.000    18.610    -2.339   0.288 0.000 0.000 0.000 0.000    29.242    -6.915   0.457 0.000 0.000 0.000 0.000
    62 LA_HOM05   1     6.654    0.030  0.000  0.000    19.176    -2.380   0.289 0.000 0.000 0.000 0.000    30.925    -7.116   0.457 0.000 0.000 0.000 0.000
    63 COLLIMAT   1     6.654    0.030  0.000  0.000    19.176    -2.380   0.289 0.000 0.000 0.000 0.000    30.925    -7.116   0.457 0.000 0.000 0.000 0.000
    64 LA_PIP18   1     6.715    0.030  0.000  0.000    19.470    -2.402   0.289 0.000 0.000 0.000 0.000    31.807    -7.218   0.458 0.000 0.000 0.000 0.000
    65 COLLIMAT   1     6.715    0.030  0.000  0.000    19.470    -2.402   0.289 0.000 0.000 0.000 0.000    31.807    -7.218   0.458 0.000 0.000 0.000 0.000
    66 LA_PIP19   1     6.799    0.030  0.000  0.000    19.875    -2.431   0.290 0.000 0.000 0.000 0.000    33.027    -7.358   0.458 0.000 0.000 0.000 0.000
    67 COLLIMAT   1     6.799    0.030  0.000  0.000    19.875    -2.431   0.290 0.000 0.000 0.000 0.000    33.027    -7.358   0.458 0.000 0.000 0.000 0.000
    68 LA_CAV05   1     7.799    0.036  0.000  0.000    24.878    -2.571   0.297 0.000 0.000 0.000 0.000    49.029    -8.622   0.462 0.000 0.000 0.000 0.000
    69 LA_PIP20   1     7.883    0.036  0.000  0.000    25.311    -2.597   0.298 0.000 0.000 0.000 0.000    50.484    -8.751   0.462 0.000 0.000 0.000 0.000
    70 COLLIMAT   1     7.883    0.036  0.000  0.000    25.311    -2.597   0.298 0.000 0.000 0.000 0.000    50.484    -8.751   0.462 0.000 0.000 0.000 0.000
    71 LA_PIP21   1     7.944    0.036  0.000  0.000    25.632    -2.616   0.298 0.000 0.000 0.000 0.000    51.566    -8.846   0.462 0.000 0.000 0.000 0.000
    72 COLLIMAT   1     7.944    0.036  0.000  0.000    25.632    -2.616   0.298 0.000 0.000 0.000 0.000    51.566    -8.846   0.462 0.000 0.000 0.000 0.000
    73 LA_HOM06   1     8.064    0.036  0.000  0.000    26.264    -2.652   0.299 0.000 0.000 0.000 0.000    53.711    -9.030   0.463 0.000 0.000 0.000 0.000
    74 COLLIMAT   1     8.064    0.036  0.000  0.000    26.264    -2.652   0.299 0.000 0.000 0.000 0.000    53.711    -9.030   0.463 0.000 0.000 0.000 0.000
    75 LA_PIP22   1     8.126    0.036  0.000  0.000    26.591    -2.671   0.299 0.000 0.000 0.000 0.000    54.828    -9.124   0.463 0.000 0.000 0.000 0.000
    76 COLLIMAT   1     8.126    0.036  0.000  0.000    26.591    -2.671   0.299 0.000 0.000 0.000 0.000    54.828    -9.124   0.463 0.000 0.000 0.000 0.000
    77 LA_PIP23   1     8.209    0.036  0.000  0.000    27.041    -2.697   0.300 0.000 0.000 0.000 0.000    56.367    -9.253   0.463 0.000 0.000 0.000 0.000
    78 COLLIMAT   1     8.209    0.036  0.000  0.000    27.041    -2.697   0.300 0.000 0.000 0.000 0.000    56.367    -9.253   0.463 0.000 0.000 0.000 0.000
    79 LA_CAV06   1     9.209    0.042  0.000  0.000    32.547    -2.809   0.305 0.000 0.000 0.000 0.000    75.976   -10.340   0.466 0.000 0.000 0.000 0.000
    80 LA_PIP24   1     9.293    0.042  0.000  0.000    33.020    -2.832   0.306 0.000 0.000 0.000 0.000    77.717   -10.458   0.466 0.000 0.000 0.000 0.000
    81 COLLIMAT   1     9.293    0.042  0.000  0.000    33.020    -2.832   0.306 0.000 0.000 0.000 0.000    77.717   -10.458   0.466 0.000 0.000 0.000 0.000
    82 LA_PIP25   1     9.355    0.042  0.000  0.000    33.372    -2.849   0.306 0.000 0.000 0.000 0.000    79.018   -10.546   0.466 0.000 0.000 0.000 0.000
    83 COLLIMAT   1     9.355    0.042  0.000  0.000    33.372    -2.849   0.306 0.000 0.000 0.000 0.000    79.018   -10.546   0.466 0.000 0.000 0.000 0.000
    84 LA_HOM07   1     9.475    0.042  0.000  0.000    34.059    -2.882   0.306 0.000 0.000 0.000 0.000    81.570   -10.717   0.466 0.000 0.000 0.000 0.000
    85 COLLIMAT   1     9.475    0.042  0.000  0.000    34.059    -2.882   0.306 0.000 0.000 0.000 0.000    81.570   -10.717   0.466 0.000 0.000 0.000 0.000
    86 LA_TAP02   1     9.525    0.042  0.000  0.000    34.348    -2.895   0.307 0.000 0.000 0.000 0.000    82.645   -10.788   0.466 0.000 0.000 0.000 0.000
    87 COLLIMAT   1     9.525    0.042  0.000  0.000    34.348    -2.895   0.307 0.000 0.000 0.000 0.000    82.645   -10.788   0.466 0.000 0.000 0.000 0.000
    88 LA_PIP26   1    10.169    0.042  0.000  0.000    38.190    -3.071   0.310 0.000 0.000 0.000 0.000    97.128   -11.702   0.467 0.000 0.000 0.000 0.000
    89 COLLIMAT   1    10.169    0.042  0.000  0.000    38.190    -3.071   0.310 0.000 0.000 0.000 0.000    97.128   -11.702   0.467 0.000 0.000 0.000 0.000
    90 LA_GAT02   1    10.244    0.042  0.000  0.000    38.653    -3.092   0.310 0.000 0.000 0.000 0.000    98.891   -11.809   0.468 0.000 0.000 0.000 0.000
    91 COLLIMAT   1    10.244    0.042  0.000  0.000    38.653    -3.092   0.310 0.000 0.000 0.000 0.000    98.891   -11.809   0.468 0.000 0.000 0.000 0.000
    92 LA_PIP27   1    10.639    0.042  0.000  0.000    41.139    -3.200   0.311 0.000 0.000 0.000 0.000   108.445   -12.370   0.468 0.000 0.000 0.000 0.000
1                                                                                  "MAD" Version: 8.23dl    Run: 09/04/18  15.17.50
 Linear lattice functions.    TWISS               line: LAT                        range: #S/#E                                   
 Delta(p)/p:     0.000000     symm: F             super:   1                                                             page     3
 ----------------------------------------------------------------------------------------------------------------------------------
      ELEMENT SEQUENCE                              I                H O R I Z O N T A L                 I                  V E R T I C A L
 pos.  element occ.    dist  energy   z(co)  dE(co) I     betax    alfax   mux  x(co)  px(co) Dx    Dpx  I     betay    alfay   muy  y(co)  py(co) Dy    Dpy
 no.   name    no.      [m]  [GeV]     [mm]    [%]  I     [m]      [1]    [2pi]  [mm]  [.001] [m]   [1]  I     [m]      [1]    [2pi]  [mm]  [.001] [m]   [1]
 ----------------------------------------------------------------------------------------------------------------------------------
    93 COLLIMAT   1    10.639    0.042  0.000  0.000    41.139    -3.200   0.311 0.000 0.000 0.000 0.000   108.445   -12.370   0.468 0.000 0.000 0.000 0.000
    94 LA_PIP28   1    10.634    0.042  0.000  0.000    41.104    -3.198   1.311 0.000 0.000 0.000 0.000   108.311   -12.362   1.468 0.000 0.000 0.000 0.000
    95 COLLIMAT   1    10.634    0.042  0.000  0.000    41.104    -3.198   1.311 0.000 0.000 0.000 0.000   108.311   -12.362   1.468 0.000 0.000 0.000 0.000
    96 LA_MAR_E   1    10.634    0.042  0.000  0.000    41.104    -3.198   1.311 0.000 0.000 0.000 0.000   108.311   -12.362   1.468 0.000 0.000 0.000 0.000
    97 LA_FLA02   1    10.657    0.042  0.000  0.000    41.253    -3.205   1.311 0.000 0.000 0.000 0.000   108.889   -12.396   1.468 0.000 0.000 0.000 0.000
    98 COLLIMAT   1    10.657    0.042  0.000  0.000    41.253    -3.205   1.311 0.000 0.000 0.000 0.000   108.889   -12.396   1.468 0.000 0.000 0.000 0.000
    99 LA_CRMOD   1    10.657    0.042  0.000  0.000    41.253    -3.205   1.311 0.000 0.000 0.000 0.000   108.889   -12.396   1.468 0.000 0.000 0.000 0.000
   100 COLLIMAT   1    10.657    0.042  0.000  0.000    41.253    -3.205   1.311 0.000 0.000 0.000 0.000   108.889   -12.396   1.468 0.000 0.000 0.000 0.000
   101 LA_PIP99   1    10.690    0.042  0.000  0.000    41.465    -3.214   1.312 0.000 0.000 0.000 0.000   109.709   -12.443   1.468 0.000 0.000 0.000 0.000
   102 ID1BPC01   1    10.690    0.042  0.000  0.000    41.465    -3.214   1.312 0.000 0.000 0.000 0.000   109.709   -12.443   1.468 0.000 0.000 0.000 0.000
   103 LA_PIP99   1    10.776    0.042  0.000  0.000    42.021    -3.237   1.312 0.000 0.000 0.000 0.000   111.863   -12.565   1.468 0.000 0.000 0.000 0.000
   104 LA_PIP99   1    10.887    0.042  0.000  0.000    42.743    -3.268   1.312 0.000 0.000 0.000 0.000   114.670   -12.723   1.469 0.000 0.000 0.000 0.000
   105 LA_PIP99   1    10.898    0.042  0.000  0.000    42.811    -3.270   1.312 0.000 0.000 0.000 0.000   114.936   -12.737   1.469 0.000 0.000 0.000 0.000
   106 LA_PIP99   1    10.948    0.042  0.000  0.000    43.139    -3.284   1.313 0.000 0.000 0.000 0.000   116.213   -12.808   1.469 0.000 0.000 0.000 0.000
   107 ID1SYX01   1    10.948    0.042  0.000  0.000    43.139    -3.284   1.313 0.000 0.000 0.000 0.000   116.213   -12.808   1.469 0.000 0.000 0.000 0.000
   108 LA_PIP99   1    10.998    0.042  0.000  0.000    43.468    -3.298   1.313 0.000 0.000 0.000 0.000   117.497   -12.879   1.469 0.000 0.000 0.000 0.000
   109 LA_PIP99   1    11.122    0.042  0.000  0.000    44.293    -3.332   1.313 0.000 0.000 0.000 0.000   120.724   -13.056   1.469 0.000 0.000 0.000 0.000
   110 LA_MAR_E   1    11.122    0.042  0.000  0.000    44.293    -3.332   1.313 0.000 0.000 0.000 0.000   120.724   -13.056   1.469 0.000 0.000 0.000 0.000
   111 LA_MATCH   1    11.122    0.042  0.000  0.000    44.293    -3.332   1.313 0.000 0.000 0.000 0.000   120.724   -13.056   1.469 0.000 0.000 0.000 0.000
   112 LA_DEMER   1    11.122    0.042  0.000  0.000    44.293    -3.332   1.313 0.000 0.000 0.000 0.000   120.724   -13.056   1.469 0.000 0.000 0.000 0.000
   113 MD1DIP01   1    11.192    0.042  0.000  0.000    44.761    -3.351   1.313 0.000 0.000 0.000 0.000   122.559   -13.156   1.469 0.000 0.000 0.000 0.000
   114 LA_DEMER   1    11.192    0.042  0.000  0.000    44.761    -3.351   1.313 0.000 0.000 0.000 0.000   122.559   -13.156   1.469 0.000 0.000 0.000 0.000
   115 LA_DEMER   1    11.192    0.042  0.000  0.000    44.761    -3.351   1.313 0.000 0.000 0.000 0.000   122.559   -13.156   1.469 0.000 0.000 0.000 0.000
   116 S1_DEMER   1    11.192    0.042  0.000  0.000    44.761    -3.351   1.313 0.000 0.000 0.000 0.000   122.559   -13.156   1.469 0.000 0.000 0.000 0.000
   117 S1_PIP01   1    11.657    0.042  0.000  0.000    47.936    -3.478   1.315 0.000 0.000 0.000 0.000   135.101   -13.816   1.470 0.000 0.000 0.000 0.000
   118 DRIFT_MS   1    11.665    0.042  0.000  0.000    47.993    -3.480   1.315 0.000 0.000 0.000 0.000   135.328   -13.828   1.470 0.000 0.000 0.000 0.000
   119 MS1DPB01   1    11.888    0.042  0.000  0.000    39.095    40.293   1.316 0.000 0.000 0.052 0.462   141.562   -14.144   1.470 0.000 0.000 0.000 0.000
   120 DRIFT_MS   2    11.896    0.042  0.000  0.000    38.434    39.950   1.316 0.000 0.000 0.056 0.462   141.795   -14.156   1.470 0.000 0.000 0.000 0.000
   121 S1_MAR_B   1    11.896    0.042  0.000  0.000    38.434    39.950   1.316 0.000 0.000 0.056 0.462   141.795   -14.156   1.470 0.000 0.000 0.000 0.000
   122 S1_PIP02   1    12.192    0.042  0.000  0.000    18.462    27.679   1.318 0.000 0.000 0.193 0.462   150.280   -14.575   1.470 0.000 0.000 0.000 0.000
   123 S1_PIP02   1    12.349    0.042  0.000  0.000    10.791    21.151   1.319 0.000 0.000 0.265 0.462   154.895   -14.798   1.470 0.000 0.000 0.000 0.000
   124 S1_PIP02   1    12.383    0.042  0.000  0.000     9.383    19.720   1.320 0.000 0.000 0.281 0.462   155.916   -14.847   1.470 0.000 0.000 0.000 0.000
   125 S1_PIP02   1    12.477    0.042  0.000  0.000     6.042    15.814   1.322 0.000 0.000 0.325 0.462   158.720   -14.981   1.470 0.000 0.000 0.000 0.000
   126 S1_PIP02   1    12.495    0.042  0.000  0.000     5.487    15.066   1.322 0.000 0.000 0.333 0.462   159.259   -15.006   1.470 0.000 0.000 0.000 0.000
   127 COLLIMAT   1    12.495    0.042  0.000  0.000     5.487    15.066   1.322 0.000 0.000 0.333 0.462   159.259   -15.006   1.470 0.000 0.000 0.000 0.000
   128 S1_PIP02   1    12.695    0.042  0.000  0.000     1.000     6.897   1.336 0.000 0.000 0.414 0.344   175.784   -69.338   1.471 0.000 0.000 0.000 0.000
   129 COLLIMAT   2    12.695    0.042  0.000  0.000     1.000     6.897   1.336 0.000 0.000 0.414 0.344   175.784   -69.338   1.471 0.000 0.000 0.000 0.000
   130 S1_PIP02   1    12.867    0.042  0.000  0.000     0.063    -1.434   1.716 0.000 0.000 0.473 0.344   200.365   -74.029   1.471 0.000 0.000 0.000 0.000
   131 IS1SCR01   1    12.867    0.042  0.000  0.000     0.063    -1.434   1.716 0.000 0.000 0.473 0.344   200.365   -74.029   1.471 0.000 0.000 0.000 0.000
   132 S1_PIP02   1    12.960    0.042  0.000  0.000     0.758    -5.986   1.787 0.000 0.000 0.505 0.344   214.472   -76.591   1.471 0.000 0.000 0.000 0.000
   133 IS1BPM01   1    12.960    0.042  0.000  0.000     0.758    -5.986   1.787 0.000 0.000 0.505 0.344   214.472   -76.591   1.471 0.000 0.000 0.000 0.000
   134 S1_PIP02   1    12.995    0.042  0.000  0.000     1.235    -7.681   1.792 0.000 0.000 0.517 0.344   219.849   -77.545   1.471 0.000 0.000 0.000 0.000
   135 MS1DIP02   1    13.216    0.042  0.000  0.000     6.856   -18.226   1.804 0.000 0.000 0.557 0.027   232.373    23.597   1.471 0.000 0.000 0.000 0.000
   136 COLLIMAT   1    13.216    0.042  0.000  0.000     6.856   -18.226   1.804 0.000 0.000 0.557 0.027   232.373    23.597   1.471 0.000 0.000 0.000 0.000
   137 S1_PIP03   1    13.466    0.042  0.000  0.000    19.007   -30.375   1.808 0.000 0.000 0.564 0.027   220.725    22.997   1.471 0.000 0.000 0.000 0.000
   138 COLLIMAT   2    13.466    0.042  0.000  0.000    19.007   -30.375   1.808 0.000 0.000 0.564 0.027   220.725    22.997   1.471 0.000 0.000 0.000 0.000
   139 COLLIMAT   1    13.466    0.042  0.000  0.000    19.007   -30.375   1.808 0.000 0.000 0.564 0.027   220.725    22.997   1.471 0.000 0.000 0.000 0.000
1                                                                                  "MAD" Version: 8.23dl    Run: 09/04/18  15.17.50
 Linear lattice functions.    TWISS               line: LAT                        range: #S/#E                                   
 Delta(p)/p:     0.000000     symm: F             super:   1                                                             page     4
 ----------------------------------------------------------------------------------------------------------------------------------
      ELEMENT SEQUENCE                              I                H O R I Z O N T A L                 I                  V E R T I C A L
 pos.  element occ.    dist  energy   z(co)  dE(co) I     betax    alfax   mux  x(co)  px(co) Dx    Dpx  I     betay    alfay   muy  y(co)  py(co) Dy    Dpy
 no.   name    no.      [m]  [GeV]     [mm]    [%]  I     [m]      [1]    [2pi]  [mm]  [.001] [m]   [1]  I     [m]      [1]    [2pi]  [mm]  [.001] [m]   [1]
 ----------------------------------------------------------------------------------------------------------------------------------
   140 S1_PIP03   1    13.666    0.042  0.000  0.000    46.768  -127.981   1.809 0.000 0.000 0.697 1.350   131.235   357.667   1.471 0.000 0.000 0.000 0.000
   141 COLLIMAT   2    13.666    0.042  0.000  0.000    46.768  -127.981   1.809 0.000 0.000 0.697 1.350   131.235   357.667   1.471 0.000 0.000 0.000 0.000
   142 COLLIMAT   1    13.666    0.042  0.000  0.000    46.768  -127.981   1.809 0.000 0.000 0.697 1.350   131.235   357.667   1.471 0.000 0.000 0.000 0.000
   143 S1_PIP03   1    13.669    0.042  0.000  0.000    47.539  -129.032   1.809 0.000 0.000 0.701 1.350   129.098   354.742   1.471 0.000 0.000 0.000 0.000
   144 COLLIMAT   2    13.669    0.042  0.000  0.000    47.539  -129.032   1.809 0.000 0.000 0.701 1.350   129.098   354.742   1.471 0.000 0.000 0.000 0.000
   145 S1_PIP03   1    13.763    0.042  0.000  0.000    74.892  -161.955   1.809 0.000 0.000 0.828 1.350    71.019   263.112   1.472 0.000 0.000 0.000 0.000
   146 COLLIMAT   1    13.763    0.042  0.000  0.000    74.892  -161.955   1.809 0.000 0.000 0.828 1.350    71.019   263.112   1.472 0.000 0.000 0.000 0.000
   147 S1_PIP03   1    13.844    0.042  0.000  0.000   103.530  -190.420   1.809 0.000 0.000 0.938 1.350    34.691   183.890   1.472 0.000 0.000 0.000 0.000
   148 COLLIMAT   2    13.844    0.042  0.000  0.000   103.530  -190.420   1.809 0.000 0.000 0.938 1.350    34.691   183.890   1.472 0.000 0.000 0.000 0.000
   149 IS1BPM02   1    13.844    0.042  0.000  0.000   103.530  -190.420   1.809 0.000 0.000 0.938 1.350    34.691   183.890   1.472 0.000 0.000 0.000 0.000
   150 COLLIMAT   1    13.844    0.042  0.000  0.000   103.530  -190.420   1.809 0.000 0.000 0.938 1.350    34.691   183.890   1.472 0.000 0.000 0.000 0.000
   151 S1_PIP03   1    13.879    0.042  0.000  0.000   117.245  -202.641   1.809 0.000 0.000 0.985 1.350    23.045   149.877   1.472 0.000 0.000 0.000 0.000
   152 COLLIMAT   2    13.879    0.042  0.000  0.000   117.245  -202.641   1.809 0.000 0.000 0.985 1.350    23.045   149.877   1.472 0.000 0.000 0.000 0.000
   153 MS1DIP03   1    14.100    0.042  0.000  0.000   218.156  -276.418   1.810 0.000 0.000 1.328 1.909     8.082   -92.573   1.969 0.000 0.000 0.000 0.000
   154 COLLIMAT   1    14.100    0.042  0.000  0.000   218.156  -276.418   1.810 0.000 0.000 1.328 1.909     8.082   -92.573   1.969 0.000 0.000 0.000 0.000
   155 S1_PIP04   1    14.150    0.042  0.000  0.000   246.673  -293.931   1.810 0.000 0.000 1.424 1.909    19.990  -145.600   1.970 0.000 0.000 0.000 0.000
   156 COLLIMAT   2    14.150    0.042  0.000  0.000   246.673  -293.931   1.810 0.000 0.000 1.424 1.909    19.990  -145.600   1.970 0.000 0.000 0.000 0.000
   157 COLLIMAT   1    14.150    0.042  0.000  0.000   246.673  -293.931   1.810 0.000 0.000 1.424 1.909    19.990  -145.600   1.970 0.000 0.000 0.000 0.000
   158 S1_PIP04   1    14.350    0.042  0.000  0.000   251.081   275.228   1.810 0.000 0.000 1.476-1.407   156.114  -632.151   1.971 0.000 0.000 0.000 0.000
   159 COLLIMAT   2    14.350    0.042  0.000  0.000   251.081   275.228   1.810 0.000 0.000 1.476-1.407   156.114  -632.151   1.971 0.000 0.000 0.000 0.000
   160 COLLIMAT   1    14.350    0.042  0.000  0.000   251.081   275.228   1.810 0.000 0.000 1.476-1.407   156.114  -632.151   1.971 0.000 0.000 0.000 0.000
   161 S1_PIP04   1    14.506    0.042  0.000  0.000   172.680   228.247   1.810 0.000 0.000 1.257-1.407   415.061 -1030.755   1.971 0.000 0.000 0.000 0.000
   162 COLLIMAT   2    14.506    0.042  0.000  0.000   172.680   228.247   1.810 0.000 0.000 1.257-1.407   415.061 -1030.755   1.971 0.000 0.000 0.000 0.000
   163 COLLIMAT   1    14.506    0.042  0.000  0.000   172.680   228.247   1.810 0.000 0.000 1.257-1.407   415.061 -1030.755   1.971 0.000 0.000 0.000 0.000
   164 S1_SLI01   1    14.706    0.042  0.000  0.000    93.449   167.907   1.810 0.000 0.000 0.975-1.407   929.753 -1542.708   1.971 0.000 0.000 0.000 0.000
   165 COLLIMAT   2    14.706    0.042  0.000  0.000    93.449   167.907   1.810 0.000 0.000 0.975-1.407   929.753 -1542.708   1.971 0.000 0.000 0.000 0.000
   166 COLLIMAT   1    14.706    0.042  0.000  0.000    93.449   167.907   1.810 0.000 0.000 0.975-1.407   929.753 -1542.708   1.971 0.000 0.000 0.000 0.000
   167 S1_PIP05   1    14.868    0.042  0.000  0.000    46.860   118.899   1.811 0.000 0.000 0.747-1.407  1498.488 -1958.513   1.971 0.000 0.000 0.000 0.000
   168 COLLIMAT   2    14.868    0.042  0.000  0.000    46.860   118.899   1.811 0.000 0.000 0.747-1.407  1498.488 -1958.513   1.971 0.000 0.000 0.000 0.000
   169 COLLIMAT   1    14.868    0.042  0.000  0.000    46.860   118.899   1.811 0.000 0.000 0.747-1.407  1498.488 -1958.513   1.971 0.000 0.000 0.000 0.000
   170 S1_PIP05   1    15.068    0.042  0.000  0.000    23.735    15.536   1.812 0.000 0.000 0.637 0.267  1493.389  1979.571   1.971 0.000 0.000 0.000 0.000
   171 COLLIMAT   2    15.068    0.042  0.000  0.000    23.735    15.536   1.812 0.000 0.000 0.637 0.267  1493.389  1979.571   1.971 0.000 0.000 0.000 0.000
   172 COLLIMAT   1    15.068    0.042  0.000  0.000    23.735    15.536   1.812 0.000 0.000 0.637 0.267  1493.389  1979.571   1.971 0.000 0.000 0.000 0.000
   173 S1_PIP05   1    15.074    0.042  0.000  0.000    23.577    15.484   1.812 0.000 0.000 0.638 0.267  1473.218  1966.157   1.971 0.000 0.000 0.000 0.000
   174 COLLIMAT   2    15.074    0.042  0.000  0.000    23.577    15.484   1.812 0.000 0.000 0.638 0.267  1473.218  1966.157   1.971 0.000 0.000 0.000 0.000
   175 IS1BPM03   1    15.074    0.042  0.000  0.000    23.577    15.484   1.812 0.000 0.000 0.638 0.267  1473.218  1966.157   1.971 0.000 0.000 0.000 0.000
   176 COLLIMAT   1    15.074    0.042  0.000  0.000    23.577    15.484   1.812 0.000 0.000 0.638 0.267  1473.218  1966.157   1.971 0.000 0.000 0.000 0.000
   177 S1_PIP05   1    15.108    0.042  0.000  0.000    22.509    15.128   1.812 0.000 0.000 0.648 0.267  1339.222  1874.610   1.971 0.000 0.000 0.000 0.000
   178 COLLIMAT   2    15.108    0.042  0.000  0.000    22.509    15.128   1.812 0.000 0.000 0.648 0.267  1339.222  1874.610   1.971 0.000 0.000 0.000 0.000
   179 MS1DIP04   1    15.330    0.042  0.000  0.000    16.471    12.931   1.814 0.000 0.000 0.661-0.145   492.844  1631.106   1.971 0.000 0.000 0.000 0.000
   180 COLLIMAT   1    15.330    0.042  0.000  0.000    16.471    12.931   1.814 0.000 0.000 0.661-0.145   492.844  1631.106   1.971 0.000 0.000 0.000 0.000
   181 S1_PIP06   1    15.416    0.042  0.000  0.000    14.306    12.045   1.815 0.000 0.000 0.648-0.145   250.614  1163.134   1.971 0.000 0.000 0.000 0.000
   182 COLLIMAT   2    15.416    0.042  0.000  0.000    14.306    12.045   1.815 0.000 0.000 0.648-0.145   250.614  1163.134   1.971 0.000 0.000 0.000 0.000
   183 COLLIMAT   1    15.416    0.042  0.000  0.000    14.306    12.045   1.815 0.000 0.000 0.648-0.145   250.614  1163.134   1.971 0.000 0.000 0.000 0.000
   184 S1_SLI02   1    15.616    0.042  0.000  0.000     9.896    10.003   1.817 0.000 0.000 0.619-0.145     1.291    83.479   1.973 0.000 0.000 0.000 0.000
   185 COLLIMAT   2    15.616    0.042  0.000  0.000     9.896    10.003   1.817 0.000 0.000 0.619-0.145     1.291    83.479   1.973 0.000 0.000 0.000 0.000
   186 S1_MAR_P   1    15.616    0.042  0.000  0.000     9.896    10.003   1.817 0.000 0.000 0.619-0.145     1.291    83.479   1.973 0.000 0.000 0.000 0.000
1                                                                                  "MAD" Version: 8.23dl    Run: 09/04/18  15.17.50
 Linear lattice functions.    TWISS               line: LAT                        range: #S/#E                                   
 Delta(p)/p:     0.000000     symm: F             super:   1                                                             page     5
 ----------------------------------------------------------------------------------------------------------------------------------
      ELEMENT SEQUENCE                              I                H O R I Z O N T A L                 I                  V E R T I C A L
 pos.  element occ.    dist  energy   z(co)  dE(co) I     betax    alfax   mux  x(co)  px(co) Dx    Dpx  I     betay    alfay   muy  y(co)  py(co) Dy    Dpy
 no.   name    no.      [m]  [GeV]     [mm]    [%]  I     [m]      [1]    [2pi]  [mm]  [.001] [m]   [1]  I     [m]      [1]    [2pi]  [mm]  [.001] [m]   [1]
 ----------------------------------------------------------------------------------------------------------------------------------
   187 S1_MAR_M   1    15.616    0.042  0.000  0.000     9.896    10.003   1.817 0.000 0.000 0.619-0.145     1.291    83.479   1.973 0.000 0.000 0.000 0.000
   188 COLLIMAT   1    15.616    0.042  0.000  0.000     9.896    10.003   1.817 0.000 0.000 0.619-0.145     1.291    83.479   1.973 0.000 0.000 0.000 0.000
   189 S1_SLI02   1    15.816    0.042  0.000  0.000     6.304     7.961   1.821 0.000 0.000 0.590-0.145   183.830  -996.175   2.471 0.000 0.000 0.000 0.000
   190 COLLIMAT   2    15.816    0.042  0.000  0.000     6.304     7.961   1.821 0.000 0.000 0.590-0.145   183.830  -996.175   2.471 0.000 0.000 0.000 0.000
   191 COLLIMAT   1    15.816    0.042  0.000  0.000     6.304     7.961   1.821 0.000 0.000 0.590-0.145   183.830  -996.175   2.471 0.000 0.000 0.000 0.000
   192 S1_PIP07   1    15.868    0.042  0.000  0.000     5.506     7.432   1.823 0.000 0.000 0.583-0.145   301.505 -1275.777   2.471 0.000 0.000 0.000 0.000
   193 COLLIMAT   2    15.868    0.042  0.000  0.000     5.506     7.432   1.823 0.000 0.000 0.583-0.145   301.505 -1275.777   2.471 0.000 0.000 0.000 0.000
   194 IS1BPM04   1    15.868    0.042  0.000  0.000     5.506     7.432   1.823 0.000 0.000 0.583-0.145   301.505 -1275.777   2.471 0.000 0.000 0.000 0.000
   195 COLLIMAT   1    15.868    0.042  0.000  0.000     5.506     7.432   1.823 0.000 0.000 0.583-0.145   301.505 -1275.777   2.471 0.000 0.000 0.000 0.000
   196 S1_PIP07   1    15.903    0.042  0.000  0.000     5.000     7.075   1.824 0.000 0.000 0.578-0.145   397.114 -1464.147   2.471 0.000 0.000 0.000 0.000
   197 COLLIMAT   2    15.903    0.042  0.000  0.000     5.000     7.075   1.824 0.000 0.000 0.578-0.145   397.114 -1464.147   2.471 0.000 0.000 0.000 0.000
   198 MS1DIP05   1    16.124    0.042  0.000  0.000     2.428     4.878   1.834 0.000 0.000 0.502-0.557  1191.162 -1824.818   2.471 0.000 0.000 0.000 0.000
   199 COLLIMAT   1    16.124    0.042  0.000  0.000     2.428     4.878   1.834 0.000 0.000 0.502-0.557  1191.162 -1824.818   2.471 0.000 0.000 0.000 0.000
   200 S1_PIP08   1    16.164    0.042  0.000  0.000     2.054     4.469   1.836 0.000 0.000 0.480-0.557  1341.620 -1936.640   2.471 0.000 0.000 0.000 0.000
   201 COLLIMAT   2    16.164    0.042  0.000  0.000     2.054     4.469   1.836 0.000 0.000 0.480-0.557  1341.620 -1936.640   2.471 0.000 0.000 0.000 0.000
   202 COLLIMAT   1    16.164    0.042  0.000  0.000     2.054     4.469   1.836 0.000 0.000 0.480-0.557  1341.620 -1936.640   2.471 0.000 0.000 0.000 0.000
   203 S1_PIP08   1    16.364    0.042  0.000  0.000     1.334    -0.264   1.857 0.000 0.000 0.490 0.659  1379.149  1782.908   2.471 0.000 0.000 0.000 0.000
   204 COLLIMAT   2    16.364    0.042  0.000  0.000     1.334    -0.264   1.857 0.000 0.000 0.490 0.659  1379.149  1782.908   2.471 0.000 0.000 0.000 0.000
   205 COLLIMAT   1    16.364    0.042  0.000  0.000     1.334    -0.264   1.857 0.000 0.000 0.490 0.659  1379.149  1782.908   2.471 0.000 0.000 0.000 0.000
 end   LINE_1     1    16.364    0.042  0.000  0.000     1.334    -0.264   1.857 0.000 0.000 0.490 0.659  1379.149  1782.908   2.471 0.000 0.000 0.000 0.000
 begin LINE_2     1    16.364    0.042  0.000  0.000     1.334    -0.264   1.857 0.000 0.000 0.490 0.659  1379.149  1782.908   2.471 0.000 0.000 0.000 0.000
   206 S1_PIP08   1    16.527    0.042  0.000  0.000     1.441    -0.395   1.876 0.000 0.000 0.597 0.659   860.739  1408.507   2.471 0.000 0.000 0.000 0.000
   207 COLLIMAT   2    16.527    0.042  0.000  0.000     1.441    -0.395   1.876 0.000 0.000 0.597 0.659   860.739  1408.507   2.471 0.000 0.000 0.000 0.000
   208 COLLIMAT   1    16.527    0.042  0.000  0.000     1.441    -0.395   1.876 0.000 0.000 0.597 0.659   860.739  1408.507   2.471 0.000 0.000 0.000 0.000
   209 S1_SLI03   1    16.727    0.042  0.000  0.000     1.631    -0.555   1.897 0.000 0.000 0.729 0.659   389.531   947.533   2.471 0.000 0.000 0.000 0.000
   210 COLLIMAT   2    16.727    0.042  0.000  0.000     1.631    -0.555   1.897 0.000 0.000 0.729 0.659   389.531   947.533   2.471 0.000 0.000 0.000 0.000
   211 COLLIMAT   1    16.727    0.042  0.000  0.000     1.631    -0.555   1.897 0.000 0.000 0.729 0.659   389.531   947.533   2.471 0.000 0.000 0.000 0.000
   212 S1_PIP09   1    16.882    0.042  0.000  0.000     1.824    -0.680   1.911 0.000 0.000 0.831 0.659   150.323   588.620   2.471 0.000 0.000 0.000 0.000
   213 COLLIMAT   2    16.882    0.042  0.000  0.000     1.824    -0.680   1.911 0.000 0.000 0.831 0.659   150.323   588.620   2.471 0.000 0.000 0.000 0.000
   214 COLLIMAT   1    16.882    0.042  0.000  0.000     1.824    -0.680   1.911 0.000 0.000 0.831 0.659   150.323   588.620   2.471 0.000 0.000 0.000 0.000
   215 S1_PIP09   1    17.082    0.042  0.000  0.000     1.362     2.643   1.930 0.000 0.000 0.778-1.172    22.354   142.066   2.472 0.000 0.000 0.000 0.000
   216 COLLIMAT   2    17.082    0.042  0.000  0.000     1.362     2.643   1.930 0.000 0.000 0.778-1.172    22.354   142.066   2.472 0.000 0.000 0.000 0.000
   217 COLLIMAT   1    17.082    0.042  0.000  0.000     1.362     2.643   1.930 0.000 0.000 0.778-1.172    22.354   142.066   2.472 0.000 0.000 0.000 0.000
   218 S1_PIP09   1    17.098    0.042  0.000  0.000     1.283     2.554   1.932 0.000 0.000 0.760-1.172    18.267   128.425   2.472 0.000 0.000 0.000 0.000
   219 COLLIMAT   2    17.098    0.042  0.000  0.000     1.283     2.554   1.932 0.000 0.000 0.760-1.172    18.267   128.425   2.472 0.000 0.000 0.000 0.000
   220 IS1BPM05   1    17.098    0.042  0.000  0.000     1.283     2.554   1.932 0.000 0.000 0.760-1.172    18.267   128.425   2.472 0.000 0.000 0.000 0.000
   221 COLLIMAT   1    17.098    0.042  0.000  0.000     1.283     2.554   1.932 0.000 0.000 0.760-1.172    18.267   128.425   2.472 0.000 0.000 0.000 0.000
   222 S1_PIP09   1    17.132    0.042  0.000  0.000     1.112     2.350   1.937 0.000 0.000 0.719-1.172    10.404    96.920   2.472 0.000 0.000 0.000 0.000
   223 COLLIMAT   2    17.132    0.042  0.000  0.000     1.112     2.350   1.937 0.000 0.000 0.719-1.172    10.404    96.920   2.472 0.000 0.000 0.000 0.000
   224 MS1DIP06   1    17.354    0.042  0.000  0.000     0.382     1.114   1.989 0.000 0.000 0.531-0.613    15.356  -115.881   2.969 0.000 0.000 0.000 0.000
   225 COLLIMAT   1    17.354    0.042  0.000  0.000     0.382     1.114   1.989 0.000 0.000 0.531-0.613    15.356  -115.881   2.969 0.000 0.000 0.000 0.000
   226 S1_PIP10   1    17.480    0.042  0.000  0.000     0.194     0.375   2.065 0.000 0.000 0.454-0.613    58.442  -226.075   2.970 0.000 0.000 0.000 0.000
   227 COLLIMAT   2    17.480    0.042  0.000  0.000     0.194     0.375   2.065 0.000 0.000 0.454-0.613    58.442  -226.075   2.970 0.000 0.000 0.000 0.000
   228 S1_PIP10   1    17.567    0.042  0.000  0.000     0.174    -0.135   2.144 0.000 0.000 0.401-0.613   104.398  -302.161   2.970 0.000 0.000 0.000 0.000
   229 S1_PIP10   1    17.574    0.042  0.000  0.000     0.176    -0.192   2.150 0.000 0.000 0.397-0.577   108.603  -298.359   2.970 0.000 0.000 0.000 0.000
   230 COLLIMAT   1    17.574    0.042  0.000  0.000     0.176    -0.192   2.150 0.000 0.000 0.397-0.577   108.603  -298.359   2.970 0.000 0.000 0.000 0.000
   231 S1_PIP10   1    17.767    0.042  0.000  0.000     0.634    -2.557   2.258 0.000 0.000 0.377 0.360   171.025    29.121   2.970 0.000 0.000 0.000 0.000
1                                                                                  "MAD" Version: 8.23dl    Run: 09/04/18  15.17.50
 Linear lattice functions.    TWISS               line: LAT                        range: #S/#E                                   
 Delta(p)/p:     0.000000     symm: F             super:   1                                                             page     6
 ----------------------------------------------------------------------------------------------------------------------------------
      ELEMENT SEQUENCE                              I                H O R I Z O N T A L                 I                  V E R T I C A L
 pos.  element occ.    dist  energy   z(co)  dE(co) I     betax    alfax   mux  x(co)  px(co) Dx    Dpx  I     betay    alfay   muy  y(co)  py(co) Dy    Dpy
 no.   name    no.      [m]  [GeV]     [mm]    [%]  I     [m]      [1]    [2pi]  [mm]  [.001] [m]   [1]  I     [m]      [1]    [2pi]  [mm]  [.001] [m]   [1]
 ----------------------------------------------------------------------------------------------------------------------------------
   232 COLLIMAT   2    17.767    0.042  0.000  0.000     0.634    -2.557   2.258 0.000 0.000 0.377 0.360   171.025    29.121   2.970 0.000 0.000 0.000 0.000
   233 COLLIMAT   1    17.767    0.042  0.000  0.000     0.634    -2.557   2.258 0.000 0.000 0.377 0.360   171.025    29.121   2.970 0.000 0.000 0.000 0.000
   234 S1_PIP10   1    17.982    0.042  0.000  0.000     2.284    -5.112   2.286 0.000 0.000 0.454 0.360   158.727    28.053   2.971 0.000 0.000 0.000 0.000
   235 COLLIMAT   2    17.982    0.042  0.000  0.000     2.284    -5.112   2.286 0.000 0.000 0.454 0.360   158.727    28.053   2.971 0.000 0.000 0.000 0.000
   236 IS1BPM06   1    17.982    0.042  0.000  0.000     2.284    -5.112   2.286 0.000 0.000 0.454 0.360   158.727    28.053   2.971 0.000 0.000 0.000 0.000
   237 COLLIMAT   1    17.982    0.042  0.000  0.000     2.284    -5.112   2.286 0.000 0.000 0.454 0.360   158.727    28.053   2.971 0.000 0.000 0.000 0.000
   238 S1_PIP10   1    18.017    0.042  0.000  0.000     2.655    -5.527   2.289 0.000 0.000 0.467 0.360   156.775    27.880   2.971 0.000 0.000 0.000 0.000
   239 COLLIMAT   2    18.017    0.042  0.000  0.000     2.655    -5.527   2.289 0.000 0.000 0.467 0.360   156.775    27.880   2.971 0.000 0.000 0.000 0.000
   240 MS1DIP07   1    18.238    0.042  0.000  0.000     5.602    -8.096   2.298 0.000 0.000 0.506 0.003   126.336   101.259   2.971 0.000 0.000 0.000 0.000
   241 COLLIMAT   1    18.238    0.042  0.000  0.000     5.602    -8.096   2.298 0.000 0.000 0.506 0.003   126.336   101.259   2.971 0.000 0.000 0.000 0.000
   242 S1_PIP11   1    18.451    0.042  0.000  0.000     9.590   -10.627   2.302 0.000 0.000 0.506 0.003    86.883    83.970   2.971 0.000 0.000 0.000 0.000
   243 COLLIMAT   2    18.451    0.042  0.000  0.000     9.590   -10.627   2.302 0.000 0.000 0.506 0.003    86.883    83.970   2.971 0.000 0.000 0.000 0.000
   244 S1_PIP11   1    18.538    0.042  0.000  0.000    11.529   -11.660   2.304 0.000 0.000 0.507 0.003    72.886    76.909   2.971 0.000 0.000 0.000 0.000
   245 S1_PIP11   1    18.545    0.042  0.000  0.000    11.689   -11.199   2.304 0.000 0.000 0.506-0.021    71.837    72.993   2.971 0.000 0.000 0.000 0.000
   246 COLLIMAT   1    18.545    0.042  0.000  0.000    11.689   -11.199   2.304 0.000 0.000 0.506-0.021    71.837    72.993   2.971 0.000 0.000 0.000 0.000
   247 S1_PIP11   1    18.738    0.042  0.000  0.000    13.035     4.810   2.306 0.000 0.000 0.441-0.643    61.105   -12.862   2.972 0.000 0.000 0.000 0.000
   248 COLLIMAT   2    18.738    0.042  0.000  0.000    13.035     4.810   2.306 0.000 0.000 0.441-0.643    61.105   -12.862   2.972 0.000 0.000 0.000 0.000
   249 COLLIMAT   1    18.738    0.042  0.000  0.000    13.035     4.810   2.306 0.000 0.000 0.441-0.643    61.105   -12.862   2.972 0.000 0.000 0.000 0.000
   250 S1_PIP11   1    18.821    0.042  0.000  0.000    12.246     4.656   2.307 0.000 0.000 0.388-0.643    63.267   -13.089   2.972 0.000 0.000 0.000 0.000
   251 COLLIMAT   2    18.821    0.042  0.000  0.000    12.246     4.656   2.307 0.000 0.000 0.388-0.643    63.267   -13.089   2.972 0.000 0.000 0.000 0.000
   252 IS1SCR02   1    18.821    0.042  0.000  0.000    12.246     4.656   2.307 0.000 0.000 0.388-0.643    63.267   -13.089   2.972 0.000 0.000 0.000 0.000
   253 COLLIMAT   1    18.821    0.042  0.000  0.000    12.246     4.656   2.307 0.000 0.000 0.388-0.643    63.267   -13.089   2.972 0.000 0.000 0.000 0.000
   254 S1_PIP11   1    19.049    0.042  0.000  0.000    10.218     4.233   2.310 0.000 0.000 0.241-0.643    69.381   -13.710   2.973 0.000 0.000 0.000 0.000
   255 COLLIMAT   2    19.049    0.042  0.000  0.000    10.218     4.233   2.310 0.000 0.000 0.241-0.643    69.381   -13.710   2.973 0.000 0.000 0.000 0.000
   256 S1_PIP11   1    19.206    0.042  0.000  0.000     8.934     3.943   2.313 0.000 0.000 0.140-0.643    73.756   -14.138   2.973 0.000 0.000 0.000 0.000
   257 COLLIMAT   1    19.206    0.042  0.000  0.000     8.934     3.943   2.313 0.000 0.000 0.140-0.643    73.756   -14.138   2.973 0.000 0.000 0.000 0.000
   258 S1_PIP11   1    19.336    0.042  0.000  0.000     7.939     3.702   2.315 0.000 0.000 0.056-0.643    77.482   -14.493   2.973 0.000 0.000 0.000 0.000
   259 COLLIMAT   2    19.336    0.042  0.000  0.000     7.939     3.702   2.315 0.000 0.000 0.056-0.643    77.482   -14.493   2.973 0.000 0.000 0.000 0.000
   260 S1_MAR_E   1    19.336    0.042  0.000  0.000     7.939     3.702   2.315 0.000 0.000 0.056-0.643    77.482   -14.493   2.973 0.000 0.000 0.000 0.000
   261 MS1DPB08   1    19.559    0.042  0.000  0.000     4.923     8.775   2.321 0.000 0.000-0.035-0.164    84.077   -15.100   2.974 0.000 0.000 0.000 0.000
   262 FA_MATCH   1    19.559    0.042  0.000  0.000     4.923     8.775   2.321 0.000 0.000-0.035-0.164    84.077   -15.100   2.974 0.000 0.000 0.000 0.000
   263 COLLIMAT   1    19.559    0.042  0.000  0.000     4.923     8.775   2.321 0.000 0.000-0.035-0.164    84.077   -15.100   2.974 0.000 0.000 0.000 0.000
   264 S1_PIP12   1    19.663    0.042  0.000  0.000     3.277     7.135   2.325 0.000 0.000-0.052-0.164    87.232   -15.382   2.974 0.000 0.000 0.000 0.000
   265 COLLIMAT   2    19.663    0.042  0.000  0.000     3.277     7.135   2.325 0.000 0.000-0.052-0.164    87.232   -15.382   2.974 0.000 0.000 0.000 0.000
   266 S1_PIP12   1    19.738    0.042  0.000  0.000     2.295     5.947   2.329 0.000 0.000-0.065-0.164    89.554   -15.586   2.974 0.000 0.000 0.000 0.000
   267 COLLIMAT   1    19.738    0.042  0.000  0.000     2.295     5.947   2.329 0.000 0.000-0.065-0.164    89.554   -15.586   2.974 0.000 0.000 0.000 0.000
   268 S1_PIP12   1    19.786    0.042  0.000  0.000     1.761     5.186   2.333 0.000 0.000-0.072-0.164    91.057   -15.717   2.974 0.000 0.000 0.000 0.000
   269 COLLIMAT   2    19.786    0.042  0.000  0.000     1.761     5.186   2.333 0.000 0.000-0.072-0.164    91.057   -15.717   2.974 0.000 0.000 0.000 0.000
   270 S1_MERGE   1    19.786    0.042  0.000  0.000     1.761     5.186   2.333 0.000 0.000-0.072-0.164    91.057   -15.717   2.974 0.000 0.000 0.000 0.000
   271 FA_MAR_B   1    19.786    0.042  0.000  0.000     1.761     5.186   2.333 0.000 0.000-0.072-0.164    91.057   -15.717   2.974 0.000 0.000 0.000 0.000
 end   LINE_2     1    19.786    0.042  0.000  0.000     1.761     5.186   2.333 0.000 0.000-0.072-0.164    91.057   -15.717   2.974 0.000 0.000 0.000 0.000
 end   LAT        1    19.786    0.042  0.000  0.000     1.761     5.186   2.333 0.000 0.000-0.072-0.164    91.057   -15.717   2.974 0.000 0.000 0.000 0.000
 ----------------------------------------------------------------------------------------------------------------------------------
1                                                                                  "MAD" Version: 8.23dl    Run: 09/04/18  15.17.50
 Linear lattice functions.    TWISS               line: LAT                        range: #S/#E                                   
 Delta(p)/p:     0.000000     symm: F             super:   1                                                             page     7
 ----------------------------------------------------------------------------------------------------------------------------------
 total length =         19.785800          mux          =          2.333120          muy          =          2.974073
 delta(s)     =          0.000000 mm       dmux         =          0.043647          dmuy         =         -0.119112
                                           betax(max)   =        251.080547          betay(max)   =       1498.487756
                                           Dx(max)      =          1.475724          Dy(max)      =          0.000000
                                           Dx(r.m.s.)   =          0.498297          Dy(r.m.s.)   =          0.000000
 ----------------------------------------------------------------------------------------------------------------------------------
