* S              NAME             BETX           BETY           ALFX           ALFY           DX             DPX           
$ %e             %16s             %e             %e             %e             %e             %e             %e            
@ XIY              %e   -.114085    
@ XIX              %e   -.106529E-02
@ QY               %e    3.01967    
@ QX               %e    2.48690    
@ CIRCUM           %le     7.87595896083    
@ DELTA            %e    0.00000    
@ TYPE             %08s "OPTICS"
@ COMMENT          %32s "merge - Created With MADInput"
@ ORIGIN           %28s "MAD 8.23dl  Windows NT 4.0"
@ DATE             %08s "09/04/18"
@ TIME             %08s "10.03.00"
     0.00000     "LAT"               10.4329        13.1042        13.1447        1.84700       0.406694E-01   0.526485    
     0.00000     "S1_MAR_BEG"        10.4329        13.1042        13.1447        1.84700       0.406694E-01   0.526485    
    0.590633E-01 "S1_PIP02_1"        8.93827        12.8872        12.1609        1.82712       0.717654E-01   0.526485    
    0.118127     "S1_PIP02_1"        7.55985        12.6725        11.1770        1.80723       0.102861       0.526485    
    0.177190     "S1_PIP02_1"        6.29766        12.4602        10.1932        1.78735       0.133957       0.526485    
    0.236253     "S1_PIP02_1"        5.15168        12.2503        9.20938        1.76747       0.165053       0.526485    
    0.295317     "S1_PIP02_1"        4.12191        12.0427        8.22555        1.74758       0.196149       0.526485    
    0.452417     "S1_PIP02_MS1017    1.94855        11.5019        5.60870        1.69470       0.278860       0.526485    
    0.459307     "S1_PIP02_2"        1.87206        11.4785        5.49393        1.69238       0.282488       0.526485    
    0.466197     "S1_PIP02_2"        1.79714        11.4552        5.37916        1.69006       0.286115       0.526485    
    0.473087     "S1_PIP02_2"        1.72381        11.4320        5.26439        1.68774       0.289742       0.526485    
    0.479977     "S1_PIP02_2"        1.65205        11.4087        5.14962        1.68542       0.293370       0.526485    
    0.486867     "S1_PIP02_2"        1.58188        11.3855        5.03485        1.68310       0.296997       0.526485    
    0.580867     "S1_PIP02_MS1018   0.782513        11.0721        3.46908        1.65146       0.346487       0.526485    
    0.584467     "S1_PIP02_3"       0.757751        11.0602        3.40911        1.65024       0.348382       0.526485    
    0.588067     "S1_PIP02_3"       0.733421        11.0483        3.34914        1.64903       0.350278       0.526485    
    0.591667     "S1_PIP02_3"       0.709523        11.0364        3.28918        1.64782       0.352173       0.526485    
    0.595267     "S1_PIP02_3"       0.686057        11.0246        3.22921        1.64661       0.354068       0.526485    
    0.598867     "S1_PIP02_3"       0.663023        11.0127        3.16925        1.64540       0.355964       0.526485    
    0.598867     "COLLIMATOR_N46"   0.663023        11.0127        3.16925        1.64540       0.355964       0.526485    
    0.638867     "S1_PIP02_MS1019   0.436056        10.8833        2.50463        1.58934       0.376995       0.525051    
    0.678867     "S1_PIP02_MS1019   0.262324        10.7584        1.83844        1.53427       0.397967       0.523534    
    0.718867     "S1_PIP02_MS1019   0.141936        10.6378        1.17111        1.48017       0.418876       0.521936    
    0.758867     "S1_PIP02_MS1019   0.749665E-01    10.5215       0.503037        1.42699       0.439721       0.520255    
    0.798867     "S1_PIP02_MS1019   0.614582E-01    10.4095      -0.165348        1.37471       0.460496       0.518494    
    0.798867     "COLLIMATOR_N46"   0.614582E-01    10.4095      -0.165348        1.37471       0.460496       0.518494    
    0.833158     "S1_PIP02_4"       0.924546E-01    10.3155      -0.738566        1.36519       0.478276       0.518494    
    0.867449     "S1_PIP02_4"       0.162764        10.2222       -1.31178        1.35567       0.496056       0.518494    
    0.901741     "S1_PIP02_4"       0.272386        10.1296       -1.88500        1.34615       0.513835       0.518494    
    0.936032     "S1_PIP02_4"       0.421321        10.0376       -2.45822        1.33663       0.531615       0.518494    
    0.970324     "S1_PIP02_4"       0.609569        9.94624       -3.03144        1.32711       0.549395       0.518494    
    0.970324     "IS1SCR01"         0.609569        9.94624       -3.03144        1.32711       0.549395       0.518494    
    0.989055     "S1_PIP02_5"       0.728998        9.89662       -3.34455        1.32191       0.559107       0.518494    
     1.00779     "S1_PIP02_5"       0.860156        9.84720       -3.65766        1.31671       0.568819       0.518494    
     1.02652     "S1_PIP02_5"        1.00304        9.79797       -3.97076        1.31151       0.578531       0.518494    
     1.04525     "S1_PIP02_5"        1.15766        9.74893       -4.28387        1.30631       0.588243       0.518494    
     1.06398     "S1_PIP02_5"        1.32401        9.70009       -4.59698        1.30111       0.597955       0.518494    
     1.06398     "IS1BPM01"          1.32401        9.70009       -4.59698        1.30111       0.597955       0.518494    
     1.07096     "S1_PIP02_6"        1.38897        9.68195       -4.71362        1.29918       0.601573       0.518494    
     1.07793     "S1_PIP02_6"        1.45557        9.66383       -4.83026        1.29724       0.605190       0.518494    
     1.08491     "S1_PIP02_6"        1.52379        9.64574       -4.94690        1.29530       0.608808       0.518494    
     1.09189     "S1_PIP02_6"        1.59364        9.62768       -5.06353        1.29336       0.612426       0.518494    
     1.09887     "S1_PIP02_6"        1.66511        9.60964       -5.18017        1.29143       0.616044       0.518494    
     1.14299     "MS1DIP021"         2.18470        9.30718       -6.20529        3.39793       0.642428       0.538234    
     1.18711     "MS1DIP022"         2.75737        9.00996       -6.75729        3.33845       0.663508       0.416998    
     1.23123     "MS1DIP022"         3.37412        8.71799       -7.20281        3.27898       0.679200       0.294117    
     1.27535     "MS1DIP022"         4.02521        8.43127       -7.53481        3.21951       0.689444       0.170077    
     1.31947     "MS1DIP023"         4.70040        8.14980       -8.80751        4.99696       0.694198       0.201835    
     1.31947     "COLLIMATOR_N47"    4.70040        8.14980       -8.80751        4.99696       0.694198       0.201835    
     1.36947     "S1_PIP03_1"        5.62294        7.65807       -9.64332        4.83764       0.704290       0.201835    
     1.41947     "S1_PIP03_1"        6.62906        7.18227       -10.4791        4.67831       0.714382       0.201835    
     1.46947     "S1_PIP03_1"        7.71877        6.72241       -11.3149        4.51898       0.724474       0.201835    
     1.51947     "S1_PIP03_1"        8.89205        6.27848       -12.1507        4.35966       0.734565       0.201835    
     1.56947     "S1_PIP03_1"        10.1489        5.85048       -12.9865        4.20033       0.744657       0.201835    
     1.56947     "COLLIMATOR_N47"    10.1489        5.85048       -12.9865        4.20033       0.744657       0.201835    
     1.56947     "COLLIMATOR_N48"    10.1489        5.85048       -12.9865        4.20033       0.744657       0.201835    
     1.60947     "S1_PIP03_MS1020    11.2131        5.52034       -13.6157        4.05345       0.752678       0.199200    
     1.64947     "S1_PIP03_MS1020    12.3272        5.20186       -14.2373        3.90885       0.760593       0.196537    
     1.68947     "S1_PIP03_MS1020    13.4908        4.89487       -14.8508        3.76645       0.768400       0.193846    
     1.72947     "S1_PIP03_MS1020    14.7031        4.59918       -15.4560        3.62617       0.776100       0.191128    
     1.76947     "S1_PIP03_MS1020    15.9635        4.31463       -16.0524        3.48793       0.783690       0.188383    
     1.76947     "COLLIMATOR_N48"    15.9635        4.31463       -16.0524        3.48793       0.783690       0.188383    
     1.76947     "COLLIMATOR_N49"    15.9635        4.31463       -16.0524        3.48793       0.783690       0.188383    
     1.77007     "S1_PIP03_2"        15.9828        4.31044       -16.0622        3.48610       0.783803       0.188383    
     1.77067     "S1_PIP03_2"        16.0021        4.30626       -16.0719        3.48427       0.783916       0.188383    
     1.77127     "S1_PIP03_2"        16.0214        4.30208       -16.0816        3.48244       0.784029       0.188383    
     1.77187     "S1_PIP03_2"        16.0407        4.29790       -16.0913        3.48061       0.784143       0.188383    
     1.77247     "S1_PIP03_2"        16.0600        4.29373       -16.1010        3.47878       0.784256       0.188383    
     1.77247     "COLLIMATOR_N49"    16.0600        4.29373       -16.1010        3.47878       0.784256       0.188383    
     1.86647     "S1_PIP03_MS1021    19.2302        3.66668       -17.6243        3.19195       0.801964       0.188383    
     1.86647     "COLLIMATOR_N50"    19.2302        3.66668       -17.6243        3.19195       0.801964       0.188383    
     1.88273     "S1_PIP03_3"        19.8074        3.56372       -17.8877        3.14235       0.805026       0.188383    
     1.89898     "S1_PIP03_3"        20.3932        3.46237       -18.1510        3.09275       0.808088       0.188383    
     1.91523     "S1_PIP03_3"        20.9875        3.36264       -18.4144        3.04315       0.811150       0.188383    
     1.93149     "S1_PIP03_3"        21.5904        3.26452       -18.6778        2.99355       0.814212       0.188383    
     1.94774     "S1_PIP03_3"        22.2019        3.16801       -18.9412        2.94395       0.817274       0.188383    
     1.94774     "COLLIMATOR_N50"    22.2019        3.16801       -18.9412        2.94395       0.817274       0.188383    
     1.94774     "IS1BPM02"          22.2019        3.16801       -18.9412        2.94395       0.817274       0.188383    
     1.94774     "COLLIMATOR_N51"    22.2019        3.16801       -18.9412        2.94395       0.817274       0.188383    
     1.95472     "S1_PIP03_4"        22.4670        3.12707       -19.0543        2.92266       0.818588       0.188383    
     1.96170     "S1_PIP03_4"        22.7338        3.08642       -19.1674        2.90137       0.819903       0.188383    
     1.96868     "S1_PIP03_4"        23.0021        3.04608       -19.2805        2.88007       0.821218       0.188383    
     1.97566     "S1_PIP03_4"        23.2720        3.00603       -19.3936        2.85878       0.822532       0.188383    
     1.98264     "S1_PIP03_4"        23.5434        2.96628       -19.5066        2.83748       0.823847       0.188383    
     1.98264     "COLLIMATOR_N51"    23.5434        2.96628       -19.5066        2.83748       0.823847       0.188383    
     2.02692     "MS1DIP031"         26.5055        2.55094       -30.9498        4.50456       0.854702       0.638063    
     2.07121     "MS1DIP032"         28.9827        2.16834       -24.7651        4.13494       0.880249       0.514515    
     2.11549     "MS1DIP032"         30.8578        1.81847       -17.4102        3.76532       0.900183       0.384870    
     2.15978     "MS1DIP032"         32.0424        1.50135       -9.23245        3.39570       0.914269       0.250665    
     2.20406     "MS1DIP033"         32.4804        1.21696       -22.9200        3.86166       0.922341       0.746785    
     2.20406     "COLLIMATOR_N52"    32.4804        1.21696       -22.9200        3.86166       0.922341       0.746785    
     2.21406     "S1_PIP04_1"        32.9404        1.14103       -23.0821        3.73091       0.929809       0.746785    
     2.22406     "S1_PIP04_1"        33.4036        1.06772       -23.2441        3.60015       0.937276       0.746785    
     2.23406     "S1_PIP04_1"        33.8701       0.997025       -23.4061        3.46939       0.944744       0.746785    
     2.24406     "S1_PIP04_1"        34.3399       0.928945       -23.5682        3.33864       0.952212       0.746785    
     2.25406     "S1_PIP04_1"        34.8129       0.863479       -23.7302        3.20788       0.959680       0.746785    
     2.25406     "COLLIMATOR_N52"    34.8129       0.863479       -23.7302        3.20788       0.959680       0.746785    
     2.25406     "COLLIMATOR_N53"    34.8129       0.863479       -23.7302        3.20788       0.959680       0.746785    
     2.29406     "S1_PIP04_MS1022    36.7377       0.627760       -24.3915        2.68508       0.989558       0.747133    
     2.33406     "S1_PIP04_MS1022    38.7156       0.433871       -25.0542        2.16212        1.01945       0.747492    
     2.37406     "S1_PIP04_MS1022    40.7465       0.281823       -25.7184        1.63905        1.04936       0.747862    
     2.41406     "S1_PIP04_MS1022    42.8305       0.171626       -26.3840        1.11587        1.07928       0.748242    
     2.45406     "S1_PIP04_MS1022    44.9679       0.103285       -27.0511       0.592636        1.10922       0.748634    
     2.45406     "COLLIMATOR_N53"    44.9679       0.103285       -27.0511       0.592636        1.10922       0.748634    
     2.45406     "COLLIMATOR_N54"    44.9679       0.103285       -27.0511       0.592636        1.10922       0.748634    
     2.48521     "S1_PIP04_2"        46.6687       0.790604E-01   -27.5586       0.185200        1.13253       0.748634    
     2.51635     "S1_PIP04_2"        48.4011       0.802138E-01   -28.0661      -0.222236        1.15585       0.748634    
     2.54749     "S1_PIP04_2"        50.1650       0.106746       -28.5736      -0.629672        1.17916       0.748634    
     2.57864     "S1_PIP04_2"        51.9606       0.158655       -29.0811       -1.03711        1.20248       0.748634    
     2.60978     "S1_PIP04_2"        53.7878       0.235944       -29.5886       -1.44454        1.22579       0.748634    
     2.60978     "COLLIMATOR_N54"    53.7878       0.235944       -29.5886       -1.44454        1.22579       0.748634    
     2.60978     "COLLIMATOR_N55"    53.7878       0.235944       -29.5886       -1.44454        1.22579       0.748634    
     2.64978     "S1_SLI01"          56.1810       0.372439       -30.2404       -1.96784        1.25574       0.748634    
     2.68978     "S1_SLI01"          58.6263       0.550798       -30.8922       -2.49113        1.28568       0.748634    
     2.72978     "S1_SLI01"          61.1237       0.771021       -31.5440       -3.01443        1.31563       0.748634    
     2.76978     "S1_SLI01"          63.6733        1.03311       -32.1958       -3.53773        1.34558       0.748634    
     2.80978     "S1_SLI01"          66.2751        1.33706       -32.8476       -4.06102        1.37552       0.748634    
     2.80978     "COLLIMATOR_N55"    66.2751        1.33706       -32.8476       -4.06102        1.37552       0.748634    
     2.80978     "COLLIMATOR_N56"    66.2751        1.33706       -32.8476       -4.06102        1.37552       0.748634    
     2.84227     "S1_PIP05_1"        68.4266        1.61473       -33.3770       -4.48604        1.39984       0.748634    
     2.87476     "S1_PIP05_1"        70.6124        1.92002       -33.9064       -4.91106        1.42416       0.748634    
     2.90724     "S1_PIP05_1"        72.8327        2.25293       -34.4358       -5.33608        1.44849       0.748634    
     2.93973     "S1_PIP05_1"        75.0874        2.61345       -34.9652       -5.76109        1.47281       0.748634    
     2.97222     "S1_PIP05_1"        77.3765        3.00159       -35.4946       -6.18611        1.49713       0.748634    
     2.97222     "COLLIMATOR_N56"    77.3765        3.00159       -35.4946       -6.18611        1.49713       0.748634    
     2.97222     "COLLIMATOR_N57"    77.3765        3.00159       -35.4946       -6.18611        1.49713       0.748634    
     3.01222     "S1_PIP05_MS1023    80.2424        3.51740       -36.1541       -6.70907        1.52708       0.748779    
     3.05222     "S1_PIP05_MS1023    83.1612        4.07504       -36.8142       -7.23193        1.55703       0.748927    
     3.09222     "S1_PIP05_MS1023    86.1327        4.67450       -37.4748       -7.75467        1.58699       0.749077    
     3.13222     "S1_PIP05_MS1023    89.1572        5.31578       -38.1360       -8.27730        1.61696       0.749231    
     3.17222     "S1_PIP05_MS1023    92.2345        5.99887       -38.7978       -8.79979        1.64693       0.749388    
     3.17222     "COLLIMATOR_N57"    92.2345        5.99887       -38.7978       -8.79979        1.64693       0.749388    
     3.17222     "COLLIMATOR_N58"    92.2345        5.99887       -38.7978       -8.79979        1.64693       0.749388    
     3.17324     "S1_PIP05_2"        92.3138        6.01687       -38.8145       -8.81316        1.64770       0.749388    
     3.17426     "S1_PIP05_2"        92.3932        6.03491       -38.8312       -8.82653        1.64846       0.749388    
     3.17529     "S1_PIP05_2"        92.4726        6.05297       -38.8479       -8.83990        1.64923       0.749388    
     3.17631     "S1_PIP05_2"        92.5521        6.07106       -38.8646       -8.85327        1.64999       0.749388    
     3.17733     "S1_PIP05_2"        92.6316        6.08918       -38.8813       -8.86664        1.65076       0.749388    
     3.17733     "COLLIMATOR_N58"    92.6316        6.08918       -38.8813       -8.86664        1.65076       0.749388    
     3.17733     "IS1BPM03"          92.6316        6.08918       -38.8813       -8.86664        1.65076       0.749388    
     3.17733     "COLLIMATOR_N59"    92.6316        6.08918       -38.8813       -8.86664        1.65076       0.749388    
     3.18431     "S1_PIP05_3"        93.1750        6.21355       -38.9952       -8.95787        1.65599       0.749388    
     3.19129     "S1_PIP05_3"        93.7200        6.33920       -39.1092       -9.04910        1.66122       0.749388    
     3.19826     "S1_PIP05_3"        94.2665        6.46611       -39.2231       -9.14034        1.66645       0.749388    
     3.20524     "S1_PIP05_3"        94.8147        6.59431       -39.3371       -9.23157        1.67168       0.749388    
     3.21222     "S1_PIP05_3"        95.3644        6.72377       -39.4510       -9.32280        1.67690       0.749388    
     3.21222     "COLLIMATOR_N59"    95.3644        6.72377       -39.4510       -9.32280        1.67690       0.749388    
     3.25646     "MS1DIP041"         101.508        7.33726       -63.0042       -7.08753        1.73074        1.04814    
     3.30071     "MS1DIP042"         106.466        7.97809       -48.8116       -7.39647        1.76955       0.705441    
     3.34495     "MS1DIP042"         110.108        8.64625       -33.3325       -7.70540        1.79309       0.358090    
     3.38919     "MS1DIP042"         112.339        9.34175       -16.9748       -8.01434        1.80120       0.837538E-02
     3.43344     "MS1DIP043"         113.099        10.0646       -42.9651       -4.51493        1.79383       0.337373    
     3.43344     "COLLIMATOR_N60"    113.099        10.0646       -42.9651       -4.51493        1.79383       0.337373    
     3.45078     "S1_PIP06"          114.594        10.2218       -43.2482       -4.55177        1.79968       0.337373    
     3.46811     "S1_PIP06"          116.098        10.3803       -43.5314       -4.58861        1.80553       0.337373    
     3.48545     "S1_PIP06"          117.613        10.5400       -43.8145       -4.62545        1.81138       0.337373    
     3.50279     "S1_PIP06"          119.137        10.7010       -44.0977       -4.66229        1.81723       0.337373    
     3.52013     "S1_PIP06"          120.671        10.8633       -44.3808       -4.69913        1.82308       0.337373    
     3.52013     "COLLIMATOR_N60"    120.671        10.8633       -44.3808       -4.69913        1.82308       0.337373    
     3.52013     "COLLIMATOR_N61"    120.671        10.8633       -44.3808       -4.69913        1.82308       0.337373    
     3.56013     "S1_SLI02A"         124.247        11.2427       -45.0340       -4.78412        1.83657       0.337373    
     3.60013     "S1_SLI02A"         127.876        11.6288       -45.6873       -4.86911        1.85007       0.337373    
     3.64013     "S1_SLI02A"         131.557        12.0217       -46.3405       -4.95409        1.86356       0.337373    
     3.68013     "S1_SLI02A"         135.291        12.4215       -46.9938       -5.03908        1.87706       0.337373    
     3.72013     "S1_SLI02A"         139.076        12.8280       -47.6470       -5.12407        1.89055       0.337373    
     3.72013     "COLLIMATOR_N61"    139.076        12.8280       -47.6470       -5.12407        1.89055       0.337373    
     3.72013     "S1_MAR_PARALLEL    139.076        12.8280       -47.6470       -5.12407        1.89055       0.337373    
     3.72013     "S1_MAR_MID"        139.076        12.8280       -47.6470       -5.12407        1.89055       0.337373    
     3.72013     "COLLIMATOR_N62"    139.076        12.8280       -47.6470       -5.12407        1.89055       0.337373    
     3.76013     "S1_SLI02B"         142.914        13.2413       -48.3002       -5.20906        1.90405       0.337373    
     3.80013     "S1_SLI02B"         146.804        13.6614       -48.9535       -5.29405        1.91754       0.337373    
     3.84013     "S1_SLI02B"         150.747        14.0884       -49.6067       -5.37904        1.93104       0.337373    
     3.88013     "S1_SLI02B"         154.741        14.5221       -50.2599       -5.46403        1.94453       0.337373    
     3.92013     "S1_SLI02B"         158.788        14.9626       -50.9132       -5.54902        1.95803       0.337373    
     3.92013     "COLLIMATOR_N62"    158.788        14.9626       -50.9132       -5.54902        1.95803       0.337373    
     3.92013     "COLLIMATOR_N63"    158.788        14.9626       -50.9132       -5.54902        1.95803       0.337373    
     3.93049     "S1_PIP07_1"        159.845        15.0778       -51.0823       -5.57103        1.96152       0.337373    
     3.94085     "S1_PIP07_1"        160.905        15.1934       -51.2515       -5.59304        1.96502       0.337373    
     3.95120     "S1_PIP07_1"        161.969        15.3095       -51.4207       -5.61505        1.96851       0.337373    
     3.96156     "S1_PIP07_1"        163.036        15.4261       -51.5898       -5.63706        1.97200       0.337373    
     3.97192     "S1_PIP07_1"        164.106        15.5431       -51.7590       -5.65907        1.97550       0.337373    
     3.97192     "COLLIMATOR_N63"    164.106        15.5431       -51.7590       -5.65907        1.97550       0.337373    
     3.97192     "IS1BPM04"          164.106        15.5431       -51.7590       -5.65907        1.97550       0.337373    
     3.97192     "COLLIMATOR_N64"    164.106        15.5431       -51.7590       -5.65907        1.97550       0.337373    
     3.97890     "S1_PIP07_2"        164.829        15.6222       -51.8730       -5.67390        1.97785       0.337373    
     3.98588     "S1_PIP07_2"        165.554        15.7015       -51.9869       -5.68873        1.98021       0.337373    
     3.99286     "S1_PIP07_2"        166.281        15.7810       -52.1009       -5.70356        1.98256       0.337373    
     3.99984     "S1_PIP07_2"        167.009        15.8607       -52.2149       -5.71839        1.98492       0.337373    
     4.00682     "S1_PIP07_2"        167.738        15.9407       -52.3289       -5.73321        1.98727       0.337373    
     4.00682     "COLLIMATOR_N64"    167.738        15.9407       -52.3289       -5.73321        1.98727       0.337373    
     4.05106     "MS1DIP051"         176.991        15.9144       -92.8671       0.295548        2.02706       0.708256    
     4.09530     "MS1DIP052"         184.101        15.8883       -67.4869       0.292526        2.04988       0.322500    
     4.13955     "MS1DIP052"         188.882        15.8626       -40.3279       0.289503        2.05557      -0.653846E-01
     4.18379     "MS1DIP052"         191.207        15.8371       -12.1059       0.286480        2.04410      -0.452838    
     4.22804     "MS1DIP053"         191.015        15.8119       -55.8430        6.26652        2.01554      -0.746416E-01
     4.22804     "COLLIMATOR_N65"    191.015        15.8119       -55.8430        6.26652        2.01554      -0.746416E-01
     4.23604     "S1_PIP08_1"        191.909        15.7118       -55.9736        6.24615        2.01494      -0.746416E-01
     4.24404     "S1_PIP08_1"        192.806        15.6120       -56.1043        6.22577        2.01435      -0.746416E-01
     4.25204     "S1_PIP08_1"        193.705        15.5126       -56.2349        6.20540        2.01375      -0.746416E-01
     4.26004     "S1_PIP08_1"        194.606        15.4134       -56.3655        6.18503        2.01315      -0.746416E-01
     4.26804     "S1_PIP08_1"        195.508        15.3147       -56.4962        6.16465        2.01255      -0.746416E-01
     4.26804     "COLLIMATOR_N65"    195.508        15.3147       -56.4962        6.16465        2.01255      -0.746416E-01
     4.26804     "COLLIMATOR_N66"    195.508        15.3147       -56.4962        6.16465        2.01255      -0.746416E-01
     4.30804     "S1_PIP08_MS1024    200.062        14.8250       -57.3377        6.07673        2.00961      -0.727490E-01
     4.34804     "S1_PIP08_MS1024    204.683        14.3424       -58.1878        5.98790        2.00673      -0.708592E-01
     4.38804     "S1_PIP08_MS1024    209.372        13.8670       -59.0467        5.89816        2.00394      -0.689720E-01
     4.42804     "S1_PIP08_MS1024    214.130        13.3987       -59.9145        5.80753        2.00122      -0.670874E-01
     4.46804     "S1_PIP08_MS1024    218.959        12.9378       -60.7913        5.71603        1.99857      -0.652054E-01
     4.46804     "COLLIMATOR_N66"    218.959        12.9378       -60.7913        5.71603        1.99857      -0.652054E-01
     4.46804     "COLLIMATOR_N67"    218.959        12.9378       -60.7913        5.71603        1.99857      -0.652054E-01
     4.50052     "S1_PIP08_2"        222.926        12.5691       -61.3398        5.63148        1.99645      -0.652054E-01
     4.53301     "S1_PIP08_2"        226.930        12.2060       -61.8883        5.54692        1.99433      -0.652054E-01
     4.56550     "S1_PIP08_2"        230.969        11.8483       -62.4367        5.46237        1.99222      -0.652054E-01
     4.59799     "S1_PIP08_2"        235.044        11.4961       -62.9852        5.37781        1.99010      -0.652054E-01
     4.63047     "S1_PIP08_2"        239.154        11.1494       -63.5337        5.29325        1.98798      -0.652054E-01
     4.63047     "COLLIMATOR_N67"    239.154        11.1494       -63.5337        5.29325        1.98798      -0.652054E-01
     4.63047     "COLLIMATOR_N68"    239.154        11.1494       -63.5337        5.29325        1.98798      -0.652054E-01
     4.67047     "S1_SLI03"          244.264        10.7301       -64.2090        5.18915        1.98537      -0.652054E-01
     4.71047     "S1_SLI03"          249.427        10.3192       -64.8843        5.08504        1.98276      -0.652054E-01
     4.75047     "S1_SLI03"          254.645        9.91653       -65.5596        4.98093        1.98015      -0.652054E-01
     4.79047     "S1_SLI03"          259.917        9.52222       -66.2349        4.87682        1.97755      -0.652054E-01
     4.83047     "S1_SLI03"          265.243        9.13624       -66.9102        4.77272        1.97494      -0.652054E-01
     4.83047     "COLLIMATOR_N68"    265.243        9.13624       -66.9102        4.77272        1.97494      -0.652054E-01
     4.83047     "COLLIMATOR_N69"    265.243        9.13624       -66.9102        4.77272        1.97494      -0.652054E-01
     4.86162     "S1_PIP09_1"        269.427        8.84148       -67.4360        4.69166        1.97291      -0.652054E-01
     4.89276     "S1_PIP09_1"        273.643        8.55177       -67.9618        4.61060        1.97088      -0.652054E-01
     4.92391     "S1_PIP09_1"        277.893        8.26711       -68.4876        4.52954        1.96885      -0.652054E-01
     4.95505     "S1_PIP09_1"        282.175        7.98750       -69.0133        4.44848        1.96681      -0.652054E-01
     4.98619     "S1_PIP09_1"        286.490        7.71294       -69.5391        4.36743        1.96478      -0.652054E-01
     4.98619     "COLLIMATOR_N69"    286.490        7.71294       -69.5391        4.36743        1.96478      -0.652054E-01
     4.98619     "COLLIMATOR_N70"    286.490        7.71294       -69.5391        4.36743        1.96478      -0.652054E-01
     5.02619     "S1_PIP09_MS1025    292.072        7.36792       -70.0101        4.25817        1.96215      -0.665790E-01
     5.06619     "S1_PIP09_MS1025    297.692        7.03162       -70.4733        4.14938        1.95946      -0.679507E-01
     5.10619     "S1_PIP09_MS1025    303.348        6.70401       -70.9285        4.04106        1.95671      -0.693205E-01
     5.14619     "S1_PIP09_MS1025    309.040        6.38504       -71.3758        3.93319        1.95391      -0.706884E-01
     5.18619     "S1_PIP09_MS1025    314.768        6.07468       -71.8152        3.82577        1.95106      -0.720543E-01
     5.18619     "COLLIMATOR_N70"    314.768        6.07468       -71.8152        3.82577        1.95106      -0.720543E-01
     5.18619     "COLLIMATOR_N71"    314.768        6.07468       -71.8152        3.82577        1.95106      -0.720543E-01
     5.18922     "S1_PIP09_2"        315.202        6.05159       -71.8647        3.81799        1.95084      -0.720543E-01
     5.19224     "S1_PIP09_2"        315.636        6.02854       -71.9142        3.81021        1.95062      -0.720543E-01
     5.19526     "S1_PIP09_2"        316.071        6.00554       -71.9637        3.80243        1.95040      -0.720543E-01
     5.19828     "S1_PIP09_2"        316.506        5.98258       -72.0132        3.79466        1.95019      -0.720543E-01
     5.20130     "S1_PIP09_2"        316.942        5.95967       -72.0628        3.78688        1.94997      -0.720543E-01
     5.20130     "COLLIMATOR_N71"    316.942        5.95967       -72.0628        3.78688        1.94997      -0.720543E-01
     5.20130     "IS1BPM05"          316.942        5.95967       -72.0628        3.78688        1.94997      -0.720543E-01
     5.20130     "COLLIMATOR_N72"    316.942        5.95967       -72.0628        3.78688        1.94997      -0.720543E-01
     5.20828     "S1_PIP09_3"        317.948        5.90695       -72.1771        3.76891        1.94947      -0.720543E-01
     5.21526     "S1_PIP09_3"        318.956        5.85447       -72.2915        3.75095        1.94896      -0.720543E-01
     5.22224     "S1_PIP09_3"        319.966        5.80224       -72.4058        3.73299        1.94846      -0.720543E-01
     5.22922     "S1_PIP09_3"        320.977        5.75027       -72.5202        3.71503        1.94796      -0.720543E-01
     5.23619     "S1_PIP09_3"        321.990        5.69854       -72.6346        3.69706        1.94745      -0.720543E-01
     5.23619     "COLLIMATOR_N72"    321.990        5.69854       -72.6346        3.69706        1.94745      -0.720543E-01
     5.28048     "MS1DIP061"         344.519        5.04482       -212.993        7.15198        1.99424       0.845748    
     5.32476     "MS1DIP062"         359.422        4.43164       -122.203        6.69418        2.02221       0.416374    
     5.36905     "MS1DIP062"         365.996        3.85901       -25.6374        6.23639        2.03105      -0.179335E-01
     5.41333     "MS1DIP062"         363.928        3.32692        72.1394        5.77859        2.02063      -0.452029    
     5.45762     "MS1DIP063"         353.318        2.83538       -76.0866        7.26761        1.99109       0.486347    
     5.45762     "COLLIMATOR_N73"    353.318        2.83538       -76.0866        7.26761        1.99109       0.486347    
     5.48282     "S1_PIP10_1"        357.163        2.48115       -76.4996        6.78929        2.00334       0.486347    
     5.50802     "S1_PIP10_1"        361.029        2.15102       -76.9126        6.31097        2.01560       0.486347    
     5.53322     "S1_PIP10_1"        364.916        1.84500       -77.3255        5.83266        2.02786       0.486347    
     5.55842     "S1_PIP10_1"        368.823        1.56309       -77.7385        5.35434        2.04011       0.486347    
     5.58362     "S1_PIP10_1"        372.752        1.30529       -78.1515        4.87602        2.05237       0.486347    
     5.58362     "COLLIMATOR_N73"    372.752        1.30529       -78.1515        4.87602        2.05237       0.486347    
     5.67062     "S1_PIP10_MS1026    386.474       0.600528       -79.5772        3.22468        2.09468       0.486347    
     5.67202     "S1_PIP10_MS1027    386.697       0.591536       -79.5992        3.19811        2.09536       0.486342    
     5.67342     "S1_PIP10_MS1027    386.920       0.582618       -79.6211        3.17153        2.09604       0.486337    
     5.67482     "S1_PIP10_MS1027    387.143       0.573775       -79.6431        3.14496        2.09672       0.486331    
     5.67622     "S1_PIP10_MS1027    387.366       0.565006       -79.6650        3.11838        2.09740       0.486326    
     5.67762     "S1_PIP10_MS1027    387.589       0.556311       -79.6870        3.09180        2.09808       0.486320    
     5.67762     "COLLIMATOR_N74"    387.589       0.556311       -79.6870        3.09180        2.09808       0.486320    
     5.71622     "S1_PIP10_MS1028    393.739       0.345931       -79.6490        2.35857        2.11679       0.482732    
     5.75482     "S1_PIP10_MS1028    399.886       0.192132       -79.5901        1.62596        2.13535       0.479111    
     5.79342     "S1_PIP10_MS1028    406.027       0.948728E-01   -79.5102       0.893775        2.15377       0.475459    
     5.83202     "S1_PIP10_MS1028    412.162       0.541276E-01   -79.4094       0.161825        2.17206       0.471776    
     5.87062     "S1_PIP10_MS1028    418.288       0.698859E-01   -79.2878      -0.570082        2.19020       0.468062    
     5.87062     "COLLIMATOR_N74"    418.288       0.698859E-01   -79.2878      -0.570082        2.19020       0.468062    
     5.87062     "COLLIMATOR_N75"    418.288       0.698859E-01   -79.2878      -0.570082        2.19020       0.468062    
     5.91364     "S1_PIP10_2"        425.138       0.154031       -79.9345       -1.38576        2.21033       0.468062    
     5.95666     "S1_PIP10_2"        432.044       0.308361       -80.5812       -2.20144        2.23047       0.468062    
     5.99969     "S1_PIP10_2"        439.005       0.532875       -81.2279       -3.01712        2.25061       0.468062    
     6.04271     "S1_PIP10_2"        446.022       0.827575       -81.8746       -3.83279        2.27074       0.468062    
     6.08573     "S1_PIP10_2"        453.095        1.19246       -82.5213       -4.64847        2.29088       0.468062    
     6.08573     "COLLIMATOR_N75"    453.095        1.19246       -82.5213       -4.64847        2.29088       0.468062    
     6.08573     "IS1BPM06"          453.095        1.19246       -82.5213       -4.64847        2.29088       0.468062    
     6.08573     "COLLIMATOR_N76"    453.095        1.19246       -82.5213       -4.64847        2.29088       0.468062    
     6.09271     "S1_PIP10_3"        454.247        1.25825       -82.6262       -4.78076        2.29415       0.468062    
     6.09969     "S1_PIP10_3"        455.401        1.32589       -82.7311       -4.91305        2.29741       0.468062    
     6.10666     "S1_PIP10_3"        456.556        1.39538       -82.8359       -5.04534        2.30068       0.468062    
     6.11364     "S1_PIP10_3"        457.713        1.46671       -82.9408       -5.17764        2.30394       0.468062    
     6.12062     "S1_PIP10_3"        458.871        1.53989       -83.0457       -5.30993        2.30721       0.468062    
     6.12062     "COLLIMATOR_N76"    458.871        1.53989       -83.0457       -5.30993        2.30721       0.468062    
     6.16479     "MS1DIP071"         475.623        2.00145       -164.614       -5.57945        2.34962       0.792770    
     6.20896     "MS1DIP072"         487.858        2.52565       -111.922       -6.28852        2.37718       0.454954    
     6.25313     "MS1DIP072"         495.331        3.11249       -56.9986       -6.99760        2.38977       0.114868    
     6.29730     "MS1DIP072"         497.895        3.76196      -0.939734       -7.70667        2.38732      -0.225791    
     6.34147     "MS1DIP073"         495.497        4.47408       -86.2968       -7.13866        2.36984       0.111125    
     6.34147     "COLLIMATOR_N77"    495.497        4.47408       -86.2968       -7.13866        2.36984       0.111125    
     6.38407     "S1_PIP11_1"        502.877        5.10337       -86.9371       -7.63340        2.37458       0.111125    
     6.42667     "S1_PIP11_1"        510.311        5.77481       -87.5775       -8.12814        2.37931       0.111125    
     6.46927     "S1_PIP11_1"        517.800        6.48840       -88.2178       -8.62288        2.38405       0.111125    
     6.51187     "S1_PIP11_1"        525.343        7.24415       -88.8582       -9.11763        2.38878       0.111125    
     6.55447     "S1_PIP11_1"        532.941        8.04205       -89.4985       -9.61237        2.39351       0.111125    
     6.55447     "COLLIMATOR_N77"    532.941        8.04205       -89.4985       -9.61237        2.39351       0.111125    
     6.64147     "S1_PIP11_MS1029    548.628        9.80250       -90.8063       -10.6228        2.40318       0.111125    
     6.64287     "S1_PIP11_MS1030    548.882        9.83227       -90.8273       -10.6390        2.40334       0.111124    
     6.64427     "S1_PIP11_MS1030    549.136        9.86208       -90.8482       -10.6553        2.40349       0.111124    
     6.64567     "S1_PIP11_MS1030    549.391        9.89194       -90.8692       -10.6715        2.40365       0.111124    
     6.64707     "S1_PIP11_MS1030    549.645        9.92184       -90.8901       -10.6878        2.40380       0.111123    
     6.64847     "S1_PIP11_MS1030    549.900        9.95179       -90.9111       -10.7041        2.40396       0.111123    
     6.64847     "COLLIMATOR_N78"    549.900        9.95179       -90.9111       -10.7041        2.40396       0.111123    
     6.68707     "S1_PIP11_MS1031    556.941        10.7954       -91.5066       -11.1521        2.40825       0.111189    
     6.72567     "S1_PIP11_MS1031    564.029        11.6737       -92.1026       -11.6000        2.41254       0.111256    
     6.76427     "S1_PIP11_MS1031    571.162        12.5865       -92.6989       -12.0479        2.41684       0.111322    
     6.80287     "S1_PIP11_MS1031    578.341        13.5339       -93.2957       -12.4957        2.42114       0.111389    
     6.84147     "S1_PIP11_MS1031    585.567        14.5158       -93.8928       -12.9435        2.42544       0.111456    
     6.84147     "COLLIMATOR_N78"    585.567        14.5158       -93.8928       -12.9435        2.42544       0.111456    
     6.84147     "COLLIMATOR_N79"    585.567        14.5158       -93.8928       -12.9435        2.42544       0.111456    
     6.85813     "S1_PIP11_2"        588.700        14.9504       -94.1437       -13.1370        2.42730       0.111456    
     6.87479     "S1_PIP11_2"        591.842        15.3914       -94.3946       -13.3305        2.42915       0.111456    
     6.89146     "S1_PIP11_2"        594.992        15.8389       -94.6455       -13.5239        2.43101       0.111456    
     6.90812     "S1_PIP11_2"        598.150        16.2929       -94.8964       -13.7174        2.43287       0.111456    
     6.92478     "S1_PIP11_2"        601.317        16.7532       -95.1473       -13.9109        2.43472       0.111456    
     6.92478     "COLLIMATOR_N79"    601.317        16.7532       -95.1473       -13.9109        2.43472       0.111456    
     6.92478     "IS1SCR02"          601.317        16.7532       -95.1473       -13.9109        2.43472       0.111456    
     6.92478     "COLLIMATOR_N80"    601.317        16.7532       -95.1473       -13.9109        2.43472       0.111456    
     6.97041     "S1_PIP11_3"        610.031        18.0468       -95.8343       -14.4406        2.43981       0.111456    
     7.01604     "S1_PIP11_3"        618.807        19.3887       -96.5213       -14.9704        2.44490       0.111456    
     7.06166     "S1_PIP11_3"        627.647        20.7790       -97.2083       -15.5001        2.44998       0.111456    
     7.10729     "S1_PIP11_3"        636.549        22.2176       -97.8953       -16.0298        2.45507       0.111456    
     7.15292     "S1_PIP11_3"        645.513        23.7046       -98.5823       -16.5596        2.46015       0.111456    
     7.15292     "COLLIMATOR_N80"    645.513        23.7046       -98.5823       -16.5596        2.46015       0.111456    
     7.31002     "S1_PIP11_MS1032    676.859        29.1941       -100.948       -18.3836        2.47766       0.111456    
     7.31002     "COLLIMATOR_N81"    676.859        29.1941       -100.948       -18.3836        2.47766       0.111456    
     7.33605     "S1_PIP11_4"        682.125        30.1591       -101.340       -18.6858        2.48056       0.111456    
     7.36208     "S1_PIP11_4"        687.411        31.1397       -101.732       -18.9880        2.48346       0.111456    
     7.38811     "S1_PIP11_4"        692.717        32.1361       -102.124       -19.2903        2.48636       0.111456    
     7.41414     "S1_PIP11_4"        698.044        33.1483       -102.516       -19.5925        2.48927       0.111456    
     7.44017     "S1_PIP11_4"        703.391        34.1761       -102.907       -19.8947        2.49217       0.111456    
     7.44017     "COLLIMATOR_N81"    703.391        34.1761       -102.907       -19.8947        2.49217       0.111456    
     7.44017     "S1_MAR_END"        703.391        34.1761       -102.907       -19.8947        2.49217       0.111456    
     7.43339     "DRIFT_MS1DPB08_    701.997        33.9069       -102.805       -19.8160        2.49141       0.111456    
     7.43339     "MS1DPB08_PATCH0    701.997        33.9069       -102.805       -19.8160        2.49141       0.111456    
     7.43339     "B_FRINGE_IN3"      701.997        33.9069       -102.805       -19.8160        2.49141       0.111456    
     7.47796     "MS1DPB081"         704.685        35.6963        42.6804       -20.3335        2.48704      -0.307570    
     7.52253     "MS1DPB082"         694.434        37.5320        186.598       -20.8509        2.46404      -0.723764    
     7.56710     "MS1DPB082"         671.622        39.4137        323.657       -21.3684        2.42262       -1.13329    
     7.61167     "MS1DPB082"         637.086        41.3416        448.822       -21.8859        2.36317       -1.53238    
     7.65624     "MS1DPB083"         592.095        43.3156        557.492       -22.4034        2.28623       -1.91736    
     7.65624     "B_FRINGE_OUT3"     592.095        43.3156        557.492       -22.4034        2.28623       -1.91736    
     7.64946     "DRIFT_MS1DPB08_    599.680        43.0123        561.052       -22.3247        2.29923       -1.91736    
     7.64946     "MS1DPB08_PATCH1    599.680        43.0123        561.052       -22.3247        2.29923       -1.91736    
     7.64946     "FA_MATCH042"       599.680        43.0123        561.052       -22.3247        2.29923       -1.91736    
     7.64946     "COLLIMATOR_N82"    599.680        43.0123        561.052       -22.3247        2.29923       -1.91736    
     7.67016     "S1_PIP12_1_1"      576.677        43.9415        550.186       -22.5650        2.25954       -1.91736    
     7.69086     "S1_PIP12_1_1"      554.124        44.8807        539.320       -22.8053        2.21985       -1.91736    
     7.71156     "S1_PIP12_1_1"      532.021        45.8298        528.455       -23.0457        2.18016       -1.91736    
     7.73226     "S1_PIP12_1_1"      510.368        46.7888        517.589       -23.2860        2.14047       -1.91736    
     7.75296     "S1_PIP12_1_1"      489.165        47.7579        506.723       -23.5263        2.10078       -1.91736    
     7.75296     "COLLIMATOR_N82"    489.165        47.7579        506.723       -23.5263        2.10078       -1.91736    
     7.76796     "S1_PIP12_S11033    474.082        48.4663        498.850       -23.7005        2.07202       -1.91736    
     7.78296     "S1_PIP12_S11033    459.234        49.1799        490.976       -23.8747        2.04326       -1.91736    
     7.79796     "S1_PIP12_S11033    444.623        49.8987        483.102       -24.0488        2.01450       -1.91736    
     7.81296     "S1_PIP12_S11033    430.248        50.6228        475.228       -24.2230        1.98574       -1.91736    
     7.82796     "S1_PIP12_S11033    416.109        51.3521        467.355       -24.3971        1.95698       -1.91736    
     7.82796     "COLLIMATOR_N83"    416.109        51.3521        467.355       -24.3971        1.95698       -1.91736    
     7.83756     "S1_PIP12_1_2"      407.184        51.8216        462.316       -24.5086        1.93858       -1.91736    
     7.84716     "S1_PIP12_1_2"      398.356        52.2933        457.276       -24.6200        1.92017       -1.91736    
     7.85676     "S1_PIP12_1_2"      389.625        52.7670        452.237       -24.7315        1.90176       -1.91736    
     7.86636     "S1_PIP12_1_2"      380.990        53.2429        447.198       -24.8430        1.88336       -1.91736    
     7.87596     "S1_PIP12_1_2"      372.453        53.7210        442.159       -24.9544        1.86495       -1.91736    
     7.87596     "COLLIMATOR_N83"    372.453        53.7210        442.159       -24.9544        1.86495       -1.91736    
     7.87596     "S1_MERGE_MA1034    372.453        53.7210        442.159       -24.9544        1.86495       -1.91736    
     7.87596     "FA_MAR_BEG_1"      372.453        53.7210        442.159       -24.9544        1.86495       -1.91736    
     7.87596     "LAT"               372.453        53.7210        442.159       -24.9544        1.86495       -1.91736    
